ACQUISITION INFORMATION

Detector ID:  1
Detector description:
LAB4C1 MCB 1
Sample description:
Assorbimento
Real Time:  625.239986
Live Time:  621.739986
Acquisition start date:  05Nov2018
Acquisition start time:  18:03:11
Starting channel number:   0
Number of channels:   2048


CALIBRATION INFORMATION

ENERGY CALIBRATION
Units:
Energy Fit:  0.000000E+000  1.000000E+000  0.000000E+000
FWHM Fit:  1.000000E+000  0.000000E+000  0.000000E+000
Efficiency Terms:  0.000000  0.000000  0.000000  0.000000  0.000000
  0.000000  0.000000  0.000000  0.000000  0.000000


SPECTRUM
     0:          0          0          0         17        144
     5:        160        176        191        183        213
    10:        253        259        293        292        277
    15:        273        259        238        228        245
    20:        181        197        191        207        200
    25:        184        169        177        195        186
    30:        183        210        161        221        188
    35:        174        200        204        211        190
    40:        213        226        223        191        217
    45:        200        209        199        269        207
    50:        209        250        227        250        260
    55:        270        255        233        288        296
    60:        291        243        302        292        278
    65:        302        323        339        308        329
    70:        337        340        339        405        351
    75:        379        411        411        435        415
    80:        468        508        424        481        465
    85:        419        408        450        430        468
    90:        444        431        418        404        385
    95:        370        414        404        386        431
   100:        385        406        381        382        385
   105:        411        384        393        385        382
   110:        392        375        378        355        375
   115:        344        357        412        359        364
   120:        385        392        392        377        353
   125:        377        379        401        369        387
   130:        355        404        372        396        360
   135:        392        333        400        371        379
   140:        385        362        383        404        383
   145:        392        385        370        378        404
   150:        338        342        374        375        363
   155:        328        346        342        354        367
   160:        349        375        328        390        390
   165:        337        368        373        374        376
   170:        359        355        330        364        343
   175:        362        377        355        323        313
   180:        358        350        317        334        339
   185:        366        352        348        383        343
   190:        318        321        305        328        361
   195:        331        312        340        331        324
   200:        336        318        354        356        325
   205:        341        309        313        338        310
   210:        367        316        333        319        314
   215:        331        333        286        323        308
   220:        319        322        330        377        296
   225:        329        310        336        355        318
   230:        325        336        316        329        357
   235:        346        339        320        348        322
   240:        301        352        334        357        375
   245:        337        354        330        333        318
   250:        350        325        293        341        316
   255:        333        332        325        348        336
   260:        320        336        342        295        330
   265:        304        302        337        340        327
   270:        316        280        305        336        321
   275:        289        308        316        279        283
   280:        324        270        299        318        273
   285:        300        279        285        304        274
   290:        271        274        279        300        276
   295:        292        282        242        246        265
   300:        308        261        290        266        277
   305:        266        282        261        289        233
   310:        271        290        287        287        284
   315:        268        268        273        275        265
   320:        272        276        281        262        242
   325:        249        245        251        300        262
   330:        258        245        253        232        253
   335:        250        253        205        223        233
   340:        236        233        210        248        235
   345:        226        226        201        227        239
   350:        199        249        210        213        221
   355:        223        220        220        216        199
   360:        201        234        210        222        208
   365:        199        221        202        209        209
   370:        207        169        197        197        200
   375:        200        182        189        216        171
   380:        190        178        189        183        186
   385:        202        178        188        180        188
   390:        182        189        187        177        169
   395:        194        176        185        195        173
   400:        173        174        192        179        165
   405:        160        181        159        169        178
   410:        187        167        193        165        177
   415:        169        172        179        163        146
   420:        141        170        170        167        163
   425:        185        161        166        159        157
   430:        163        146        158        155        166
   435:        162        159        142        169        146
   440:        178        144        167        165        136
   445:        132        175        167        156        161
   450:        148        141        140        156        154
   455:        172        146        156        161        127
   460:        162        140        158        139        144
   465:        148        147        150        141        165
   470:        139        138        175        125        148
   475:        139        153        142        127        159
   480:        147        124        148        147        130
   485:        150        149        148        141        167
   490:        144        139        139        147        144
   495:        140        157        121        146        144
   500:        146        155        149        153        148
   505:        127        149        153        148        141
   510:        113        135        125        126        137
   515:        134        130        134        126        144
   520:        136        149        126        137        113
   525:        133        133        146        132        144
   530:        138        122        159        139        119
   535:        145        131        115        133        126
   540:        135        124        119        123        138
   545:        140        133        124        143        133
   550:        142        117        160        134        137
   555:        135        123        122        119        164
   560:        144        134        146        135        137
   565:        127        158        139        129        147
   570:        121        127        130        127        128
   575:        138        138        140        133        124
   580:        136        140        138        123        131
   585:        127        130        141        132        146
   590:        134        153        141        127        132
   595:        140        132        150        132        135
   600:        132        122        113        120        153
   605:        147        144        154        142        127
   610:        114        148        133        120        143
   615:        111        112        126        122        111
   620:        131        141        113        132        137
   625:        139        121        111        119        127
   630:        115        131        107        128        105
   635:        121        108        121        115        113
   640:        112        116        103        103        116
   645:        109        123        126        112        105
   650:         88        111         98         97        104
   655:         94         81        114         88         86
   660:         86         92        100         92        101
   665:         91         94         97         84         80
   670:         97         86        105         98         79
   675:         85         90         84         90         64
   680:         94         77         82         88         95
   685:         97         88         67         78         88
   690:         76         82         78         82         72
   695:         76         88         75         87         91
   700:         85         90         80         85         73
   705:         75         85         81         78         84
   710:         63         74         92         76         75
   715:         80         83         79         92         76
   720:         79         60         72         81         80
   725:         90         74         95         82         62
   730:         78         71         81         84         72
   735:         85         56         70         71         70
   740:         57         68         79         81         68
   745:         77         56         65         70         92
   750:         80         76         64         66         63
   755:         79         64         84         85         72
   760:         62         70         75         56         63
   765:         75         73         62         70         59
   770:         64         75         55         80         57
   775:         80         54         70         73         72
   780:         66         72         79         60         84
   785:         76         72         80         58         72
   790:         70         62         56         70         76
   795:         62         61         90         57         86
   800:         83         60         67         64         76
   805:         69         53         79         68         70
   810:         78         53         58         78         77
   815:         71         59         62         58         52
   820:         72         69         73         71         91
   825:         65         68         70         62         64
   830:         85         70         54         72         74
   835:         71         66         91         60         71
   840:         73         65         61         66         76
   845:         63         68         72         72         94
   850:         67         89         77         98         95
   855:         79         92         99         89         89
   860:        106         90         89         79        100
   865:        108        116        111        106        111
   870:        145        124        105        136        125
   875:        115        127        155        171        153
   880:        173        169        178        183        190
   885:        186        227        226        211        236
   890:        229        218        282        256        264
   895:        293        318        325        343        319
   900:        326        359        368        373        372
   905:        389        406        424        444        423
   910:        511        476        515        515        463
   915:        526        511        556        566        586
   920:        542        526        569        552        564
   925:        597        576        602        614        591
   930:        574        612        604        581        604
   935:        598        605        553        597        541
   940:        569        569        528        528        508
   945:        580        544        485        502        490
   950:        460        455        438        419        414
   955:        400        380        367        353        359
   960:        346        327        325        284        284
   965:        258        264        224        231        213
   970:        210        213        209        175        158
   975:        147        154        141        121        104
   980:        108        107        104        109         75
   985:         75         80         61         73         55
   990:         49         58         36         40         41
   995:         33         32         32         33         28
  1000:         34         25         28         14         13
  1005:         14         16         16         16         18
  1010:         10         12         15          7          9
  1015:          7         10         12         11          8
  1020:          8          9          4          8          7
  1025:          6          6          8          5          7
  1030:         12          9          6          8          5
  1035:          8          7          7          5         10
  1040:          9          9          6          4          7
  1045:         10          9          4         11          6
  1050:          4          7          8          5         12
  1055:          9          5         12          6          3
  1060:          6          7         11          9          8
  1065:          6          3         13          8          9
  1070:          0         11          6          5          7
  1075:          6          9         10          7          4
  1080:         10          4         10          4         10
  1085:          7          5          6         10          7
  1090:          4         16          7          8          9
  1095:          4         11          6          8          6
  1100:          5          8          8         10          8
  1105:          7         10          8          4         12
  1110:          5          6          4          7          7
  1115:          5          3          9          3          5
  1120:         10          8          9          8          7
  1125:          2          2          8          7          3
  1130:          8          9          5          7          6
  1135:          2         10          8          5          5
  1140:          2          7          5          5          2
  1145:          7          0          4          3          5
  1150:          5          3          7          6          6
  1155:          5         10          4         10          6
  1160:          9          0          2          8          4
  1165:          9          6         11         14          6
  1170:          9         11          8          3          9
  1175:          4          5         10          4          3
  1180:          4          5          5          6          4
  1185:          3          6          5          4          5
  1190:          4          4          3          6          3
  1195:          7          3          5          4          6
  1200:          6          8          8          3          5
  1205:          4          5          3          6          9
  1210:          3          5          6          6          4
  1215:          2          7          5          4          3
  1220:          5          2          8          5          2
  1225:          3          4          4          3          9
  1230:          4          4          6         10          7
  1235:          9          4          3          8          2
  1240:          6          4          7          5          7
  1245:          6          8          8          3          5
  1250:          5          5          3          6          4
  1255:          2          3          9          6          4
  1260:          6          3          5          8          3
  1265:          8          5          5          7          7
  1270:          4          5          4          4          8
  1275:          3          4          7          6          3
  1280:          8          6          7         10          7
  1285:          6          5          8          4          4
  1290:         10          2          2          6          2
  1295:          7          8          7          5          9
  1300:          4          5         11          6          6
  1305:          7         12          6          5          7
  1310:          5          7          6          8          4
  1315:          5          9          6          7          5
  1320:          8          9          9          6          6
  1325:          7          5          4          5          9
  1330:          7          1         11          8          8
  1335:          6          1          2          4          1
  1340:          6          2          8          6          4
  1345:          3          8          6          4          5
  1350:         10          6          4          9          4
  1355:          6          6          6          6          5
  1360:          4          6          7          4          7
  1365:          1          6          4          5          5
  1370:          6          7          1          3          2
  1375:          5          4          5          5          4
  1380:          7          5          2          4          4
  1385:          6          6          8          4          4
  1390:          4          2          4          3          6
  1395:          5          5          2          3          7
  1400:          3          2          2          3          6
  1405:          5          3          6          2          6
  1410:          5          7          4          7          6
  1415:          6          5          4          7          6
  1420:          7          4          2          5          3
  1425:          1          4          3          1          7
  1430:          1          3          4          5          5
  1435:          1          2          7          8          2
  1440:          4          4          4          4          4
  1445:          1          4          5          5          7
  1450:          5          1          7          8          5
  1455:          1          5          3          4          2
  1460:          3          3          4          3          1
  1465:          5          4          2          5          2
  1470:          2          2          6          3          1
  1475:          1          3          4          4          3
  1480:          1          1          4          2          3
  1485:          3          7          3          3          2
  1490:          4          2          3          7          2
  1495:          4          4          3          3          6
  1500:          5          5          7          6          2
  1505:          6          2          5          4          3
  1510:          6          3          6          3          2
  1515:          0          6          2          4          7
  1520:          3          7          4          5          2
  1525:          3          6          3          1          1
  1530:          4          6          3          5          2
  1535:          2          6          6          3          1
  1540:          2          3          5          2          9
  1545:          9          4          4          5          7
  1550:          7          2          2          1          6
  1555:          2          0          0          4          3
  1560:          4          5          8          0          9
  1565:          4          6          5          6          4
  1570:          4          5          2          8          5
  1575:          3          3          3          2          6
  1580:          3          6          6          6          2
  1585:          5          3          3          4          6
  1590:          3          5          4          5          7
  1595:          5          1          2          3          6
  1600:          4          1          3          2          3
  1605:          4          1          7          4          2
  1610:          6          6          2          2          7
  1615:          1          3          5          6          1
  1620:          5          1          2          3          8
  1625:          5          5          4          1          4
  1630:          4          2          3          5          4
  1635:          7         13          3          4          2
  1640:          3          4          3          5          5
  1645:          6          3          3          3          5
  1650:          7          4          4          6          2
  1655:          4          6          3          7          4
  1660:          6          2          4          2          4
  1665:          2          1          1          3          1
  1670:          5          5          5          4          5
  1675:          5          3          4          3          2
  1680:          6          4          3          2          2
  1685:          3          3          2          5          4
  1690:          3          2          3          2          5
  1695:          5          3          3          1          2
  1700:          3          3          3          6          3
  1705:          5          3          2          0          4
  1710:          4          0          4          6          1
  1715:          3          3          5          4          4
  1720:          4          3          2          3          4
  1725:          5          2          5          5          1
  1730:          1          5          3          1          2
  1735:          2          3          4          1          4
  1740:          1          2          3          4          4
  1745:          6          4          6          3          4
  1750:          6          0          2          1          2
  1755:          1          6          1          3          1
  1760:          1          0          0          1          0
  1765:          2          2          5          1          5
  1770:          0          2          2          2          3
  1775:          2          1          3          1          3
  1780:          7          3          2          0          0
  1785:          1          0          2          1          1
  1790:          0          3          4          3          1
  1795:          0          2          1          2          4
  1800:          1          1          2          3          1
  1805:          3          1          1          1          1
  1810:          3          1          2          2          2
  1815:          1          2          2          2          2
  1820:          3          3          2          1          2
  1825:          4          0          2          2          0
  1830:          1          1          2          3          3
  1835:          4          1          2          1          1
  1840:          2          0          1          1          1
  1845:          0          0          2          0          0
  1850:          2          2          3          3          3
  1855:          2          2          3          0          1
  1860:          0          6          1          0          2
  1865:          2          0          1          0          1
  1870:          1          2          0          2          2
  1875:          0          1          1          1          2
  1880:          5          4          1          3          0
  1885:          1          1          1          0          1
  1890:          0          4          6          1          3
  1895:          0          0          0          0          1
  1900:          0          3          2          0          3
  1905:          2          2          1          0          1
  1910:          3          2          4          0          2
  1915:          2          6          3          4          3
  1920:          2          1          4          1          1
  1925:          0          0          1          1          3
  1930:          1          0          2          2          2
  1935:          0          2          3          3          1
  1940:          0          1          1          1          6
  1945:          1          3          1          1          5
  1950:          2          1          3          4          2
  1955:          2          1          2          2          3
  1960:          2          3          2          3          1
  1965:          4          1          3          3          5
  1970:          2          3          2          5          4
  1975:          8          0          2          3          2
  1980:          5          1          3          5          7
  1985:          5          5          3          4          5
  1990:          5          3          2          4          5
  1995:          4          4          6          6          3
  2000:          4          9         22         20         24
  2005:         30         27         14         22         23
  2010:         12         15         20         21         15
  2015:         18          9         10         15         21
  2020:         14         12         16         16         15
  2025:         11         10         10         10         12
  2030:         10         12          9         16         12
  2035:         12          9         13          8         15
  2040:          6         10          8         13         12
  2045:          9          9         11          0         0
