ACQUISITION INFORMATION

Detector ID:  1
Detector description:
LAB4C1 MCB 1
Sample description:
Assorbimento
Real Time:  1585.139965
Live Time:  1581.579965
Acquisition start date:  05Nov2018
Acquisition start time:  15:33:42
Starting channel number:   0
Number of channels:   2048


CALIBRATION INFORMATION

ENERGY CALIBRATION
Units:
Energy Fit:  0.000000E+000  1.000000E+000  0.000000E+000
FWHM Fit:  1.000000E+000  0.000000E+000  0.000000E+000
Efficiency Terms:  0.000000  0.000000  0.000000  0.000000  0.000000
  0.000000  0.000000  0.000000  0.000000  0.000000


SPECTRUM
     0:          0          0          0          9         96
     5:        118        128        119        126        138
    10:        140        114        120        134        135
    15:        134        125        132        137        123
    20:        131        143        157        119        139
    25:        129        158        131        140        153
    30:        168        140        157        164        177
    35:        168        158        198        197        190
    40:        181        192        177        182        235
    45:        212        240        239        229        262
    50:        256        241        260        234        279
    55:        275        317        351        328        309
    60:        327        344        327        346        330
    65:        335        377        359        403        364
    70:        413        389        396        478        423
    75:        415        451        488        476        484
    80:        537        447        476        476        513
    85:        504        532        483        457        494
    90:        523        506        502        488        498
    95:        490        512        490        480        505
   100:        482        484        471        505        482
   105:        492        468        496        496        496
   110:        471        499        439        486        487
   115:        487        471        501        456        435
   120:        450        428        475        472        462
   125:        459        438        420        428        465
   130:        450        463        452        471        435
   135:        437        442        419        412        461
   140:        404        448        488        473        443
   145:        427        420        416        423        399
   150:        423        437        439        427        403
   155:        436        402        397        408        408
   160:        418        373        390        383        409
   165:        414        393        384        383        408
   170:        365        379        390        354        378
   175:        393        343        389        396        346
   180:        403        369        390        377        367
   185:        395        376        344        363        384
   190:        349        371        357        363        370
   195:        353        349        317        310        328
   200:        346        315        300        294        317
   205:        310        305        317        294        307
   210:        304        300        301        289        291
   215:        322        296        289        278        287
   220:        314        279        313        322        308
   225:        273        288        279        318        296
   230:        295        253        244        288        289
   235:        272        279        280        275        274
   240:        252        271        303        256        245
   245:        276        289        272        264        266
   250:        251        258        247        247        263
   255:        267        222        266        228        234
   260:        247        228        218        239        234
   265:        217        197        216        213        239
   270:        248        225        199        215        204
   275:        223        243        196        209        225
   280:        230        230        207        220        202
   285:        199        197        203        214        190
   290:        215        211        222        195        207
   295:        197        200        192        211        192
   300:        216        200        206        179        222
   305:        178        196        206        198        220
   310:        207        218        186        169        186
   315:        177        196        189        190        220
   320:        184        198        209        196        196
   325:        204        196        200        191        190
   330:        173        177        186        193        181
   335:        157        166        179        158        161
   340:        150        158        135        170        147
   345:        159        152        140        143        143
   350:        128        128        142        136        148
   355:        125        138        128        145        135
   360:        128        147        132        125        118
   365:        129        123        121        109        124
   370:        109        126        121        134        124
   375:        120        123        121        128        135
   380:        131        120        129        119        120
   385:        113        128        117        134        136
   390:        108        112        115        114        112
   395:        140        125        115        121        110
   400:        110        126        118        104        104
   405:        122        119        114        108        110
   410:        120         91        100        106        115
   415:        103        139        100         99         86
   420:        122        108        118        102         90
   425:        112        113         84         91         80
   430:         98         92         94         87         84
   435:        108         86        105         84         87
   440:         96         89         86         75         94
   445:         81         81         92         90         82
   450:         77         95         83         82         90
   455:         74         82         80         93         83
   460:         97         93         84        100         74
   465:         86         73         80         82         92
   470:         86         94         95         88         91
   475:        107         89         88        106         89
   480:         97        109         92         82         78
   485:         87         83         79         91         74
   490:         79        100         75         60         92
   495:         67         80         74         80         90
   500:         64         66         58         89         74
   505:         64         65         74         64         65
   510:         55         57         71         64         64
   515:         64         57         54         58         44
   520:         56         64         55         57         55
   525:         51         58         60         66         68
   530:         51         52         47         51         54
   535:         60         46         39         60         56
   540:         52         45         50         48         48
   545:         43         50         51         50         49
   550:         48         57         41         51         42
   555:         52         48         43         58         54
   560:         41         55         46         57         54
   565:         41         38         47         47         48
   570:         54         40         30         33         54
   575:         53         53         49         47         41
   580:         41         48         48         47         32
   585:         47         47         54         40         42
   590:         47         52         45         45         48
   595:         53         38         41         47         47
   600:         55         38         37         39         37
   605:         39         44         35         47         51
   610:         38         37         38         40         38
   615:         45         44         47         43         43
   620:         32         34         45         47         37
   625:         43         37         36         34         39
   630:         39         32         33         46         46
   635:         41         48         48         33         38
   640:         44         35         32         37         44
   645:         37         36         34         39         40
   650:         38         33         33         23         44
   655:         30         37         37         30         36
   660:         43         46         34         25         40
   665:         35         35         46         34         33
   670:         31         35         38         28         44
   675:         40         32         35         35         29
   680:         37         35         43         35         37
   685:         42         34         32         34         28
   690:         31         30         35         28         44
   695:         35         35         34         31         43
   700:         42         26         32         33         38
   705:         29         33         22         33         44
   710:         29         41         29         34         34
   715:         31         46         36         42         39
   720:         27         35         28         32         38
   725:         43         38         33         40         29
   730:         40         33         41         27         38
   735:         29         24         29         33         40
   740:         42         33         35         29         25
   745:         38         28         32         39         31
   750:         30         36         32         36         29
   755:         39         29         32         36         17
   760:         29         19         39         22         35
   765:         26         26         25         26         25
   770:         32         28         26         19         23
   775:         34         36         29         32         36
   780:         32         40         19         25         31
   785:         28         30         30         32         30
   790:         27         29         29         20         31
   795:         38         21         35         30         27
   800:         41         24         33         29         30
   805:         32         23         34         39         37
   810:         35         32         43         46         40
   815:         41         38         35         31         40
   820:         39         33         36         27         28
   825:         35         35         26         46         31
   830:         31         30         32         29         32
   835:         42         43         39         33         39
   840:         45         33         26         40         30
   845:         40         37         28         39         32
   850:         39         33         30         42         37
   855:         40         24         39         27         36
   860:         51         38         32         34         33
   865:         32         31         36         26         35
   870:         42         29         34         35         19
   875:         30         29         29         32         22
   880:         29         29         22         25         17
   885:         35         26         23         24         22
   890:         22         26         25         23         27
   895:         30         23         23         26         16
   900:         33         24         30         21         37
   905:         28         12         27         26         18
   910:         22         19         21         13         24
   915:         14         24         19         15         20
   920:         22         25         18         21         20
   925:         22         18         26         19         21
   930:         17         30         17         26         19
   935:         15         27         17         20         28
   940:         17         21         17         19         21
   945:         14         20         18         20         14
   950:         20         18         17         15         16
   955:         17         16         16         20         16
   960:         20         16         13         15         20
   965:         20         23         11         15         13
   970:         20         18         21         24         19
   975:         19         18         15         17         18
   980:         17         25         20         16         20
   985:         20         23         19         15         14
   990:         18         23         13         12         17
   995:         17         15         22          6         18
  1000:         14         15         11         19         16
  1005:         22         16         30         18         24
  1010:         17         16         18         27         20
  1015:         13         13         21         16         14
  1020:         20         16         19         22         21
  1025:         14         12         13         18         15
  1030:         18         13         15         12         32
  1035:         21         25         12         13         16
  1040:         19         15         16         17         17
  1045:         15         13         17         18         21
  1050:         20         21         15         17         16
  1055:         10         24         13         17         18
  1060:         15         14         11         17         21
  1065:         12         14         22         12         20
  1070:         14         26         15         10         27
  1075:         16         11         16         31          9
  1080:         20         17          8         16         14
  1085:         11         16         12         16         19
  1090:         14         19         10         18         19
  1095:         20         20         13         23         16
  1100:         13         19         20         13         17
  1105:         19         14         23         15         12
  1110:         20         15         17         14         23
  1115:         18         20         19         12         12
  1120:         14         17         24         22         14
  1125:         10         15         10         14          9
  1130:          9         18         17         21         14
  1135:         16         26         13         13          9
  1140:         14         19         12         25         15
  1145:         10         17         13         17         13
  1150:         11         12         16         15         10
  1155:          7         17         13         16         12
  1160:         14         11         17         11         13
  1165:          8         11         20          8         14
  1170:         17         10         11          7         10
  1175:         17         21         15          7          8
  1180:         15          8         19         13          7
  1185:         17         20         13         18         12
  1190:         17         14         10         10         13
  1195:         18         14         12          9          9
  1200:         10         12         14         12          9
  1205:         19         11         19         11         10
  1210:         12         13         12         17         13
  1215:         14         10          9         13         18
  1220:         21         20         12         11         12
  1225:         13         13          7          7         16
  1230:         13          9         11         15         13
  1235:         18         15          7         17         18
  1240:         10         12         15         18         22
  1245:         18         19         13         13         14
  1250:         14         15         17         16         13
  1255:         10         20         15         21         22
  1260:         13         16         12         12         11
  1265:         16         11         16         10         27
  1270:          8         10         10         14         15
  1275:         12         16         13         17         19
  1280:         12         12         18         21         15
  1285:         18         17         24         18         17
  1290:         12         17         12         13         13
  1295:         16         14         14         18         16
  1300:         20         12          8         12         16
  1305:         17         15         12         15         14
  1310:         11         18         20         16         13
  1315:         13         16         14         10         16
  1320:         12         19         12         13         14
  1325:         17         15         16         18         16
  1330:          8         13         13         19         14
  1335:         13          8          7         14         18
  1340:         11          8         10         17         14
  1345:         17         13          9         14         12
  1350:         17         15          8         14         19
  1355:         16         15         16         11          8
  1360:         18         15         14         12         14
  1365:         17         13         14         13         13
  1370:         13         11         11         13          5
  1375:         13         14         14         12         11
  1380:         10         16         19         15         12
  1385:         14         16         11          7         11
  1390:         15         11         15          7         15
  1395:         10         10          7         14          9
  1400:         14          9         12         11         12
  1405:         15         17         17         11          7
  1410:          6         14          9          9          3
  1415:          9         13         14          5          7
  1420:         14         11          6          9         17
  1425:         10         13          7         12          4
  1430:         13         17         13          6          7
  1435:          6          3         12          6          8
  1440:          9         11          8          9          6
  1445:         14         10         16         10          6
  1450:          6         13          5         13         14
  1455:          9          3         17          7         11
  1460:         15          8          7          6          6
  1465:         14          4          4         11         12
  1470:          5          6          9          8          5
  1475:         11          9         11          8         11
  1480:          8          8          5         11          6
  1485:          9         10          7          9          8
  1490:         11          5          4          6          8
  1495:          9         11          8         17         11
  1500:         10          6         13         10         13
  1505:          7         16          9         10         13
  1510:         18          5         16          7          8
  1515:         11         10         10         12          4
  1520:         11          8          9         14          9
  1525:         10          7         14         11         11
  1530:         11          9         16          4         10
  1535:          5         10         11         17          4
  1540:         10         14          8         12         11
  1545:         14         15          5         14         14
  1550:          9         12         17         12         12
  1555:         10          9         13          9          6
  1560:         15         20          8         13         13
  1565:         14         12         16          5          7
  1570:          9         13         11         12          9
  1575:         11         10          9         10         11
  1580:         11         19          8         14         15
  1585:         13          9         11          9          4
  1590:          8         16         10         14          8
  1595:         11         12         19         11         15
  1600:         11         17         11         15         12
  1605:         12          9          7         12         11
  1610:         11         11         12          5          6
  1615:          9         12          7         12          8
  1620:         11          9         14         11         12
  1625:          9          7         11          8         12
  1630:         11         10          8          7         14
  1635:          8          7         13         10          7
  1640:          8          4          6         11          9
  1645:         11         13          9          9          6
  1650:          8          6          6          9          9
  1655:          9          9         13          8          8
  1660:         22          9         13          7          6
  1665:          8          7          6         14          8
  1670:          9          9          3         12          8
  1675:          7          7         13          9         11
  1680:          6          7          9          7          9
  1685:         12         10         12          7          6
  1690:          9          4          8          8          8
  1695:         11          8          6          4          1
  1700:          5         12         10          7          9
  1705:          7          6          9          7         12
  1710:          5          9          9          5         11
  1715:         10          7          6         12         11
  1720:          5          3         10         11          2
  1725:          2          7         14          4         12
  1730:          8          9          6          5          9
  1735:          3          4          5          9          9
  1740:          5          5          7          6          4
  1745:          7          7          7          8          9
  1750:          7          2         13          4          5
  1755:          7          8          9          7          5
  1760:         10          6         12          7          5
  1765:          3          9          7          5          3
  1770:          7          5          4          2          4
  1775:          9          5          7          8          6
  1780:          8          4          3          4          6
  1785:          4          7         12          4          9
  1790:          3          5          1          7          4
  1795:          4          5          7          4          6
  1800:          7          7          6          4          2
  1805:          4          4          4          5          6
  1810:          3          6          4          4          4
  1815:          5          2          3          6          2
  1820:          6          4          5          2          4
  1825:          4          6          6          2          5
  1830:          5          3          4         10          3
  1835:          4          9          3          6          3
  1840:          6          9          1          3          5
  1845:          5          2          3          3          5
  1850:          3          1          8          5          1
  1855:          4          6          0          5          2
  1860:          1          6          3          7          4
  1865:          6          5          1          7          5
  1870:          5          5          8          1          6
  1875:          6          2          1          1          3
  1880:          4          8          3          3          3
  1885:          5          2          5          6          5
  1890:          3          2          6          4          4
  1895:          4          2          9          3          6
  1900:          4          4          4          6          4
  1905:          4          3          7          4          2
  1910:          2          4          3          4          2
  1915:          3          5          5          3          5
  1920:          7          3          4          3          6
  1925:          4          1          2          5         13
  1930:          4          6          3          6          3
  1935:          4          6          7          3          7
  1940:          4          7          6          5          4
  1945:          6          7          8          8          7
  1950:         12          4          4          7          5
  1955:          7         12          8          4          6
  1960:          4          5          7          5          6
  1965:          6         10          8          4          6
  1970:         10          4          5         11          5
  1975:          5          9          4          6         10
  1980:         11          8         10          9         11
  1985:          9          4         11          7          8
  1990:          3          8         14         10          9
  1995:         11         10          9         13         10
  2000:          9         17         51         40         53
  2005:         38         51         59         34         47
  2010:         50         54         40         39         45
  2015:         38         46         48         42         34
  2020:         40         33         43         37         38
  2025:         36         33         38         40         33
  2030:         41         25         27         41         31
  2035:         22         36         32         38         24
  2040:         15         29         22         19         25
  2045:         26         21         21          0         0
