ACQUISITION INFORMATION

Detector ID:  1
Detector description:
LAB4C1 MCB 1
Sample description:
Assorbimento
Real Time:  571.479987
Live Time:  570.439987
Acquisition start date:  29Oct2019
Acquisition start time:  16:45:55
Starting channel number:   0
Number of channels:   2048


CALIBRATION INFORMATION

ENERGY CALIBRATION
Units:
Energy Fit:  0.000000E+000  1.000000E+000  0.000000E+000
FWHM Fit:  1.000000E+000  0.000000E+000  0.000000E+000
Efficiency Terms:  0.000000  0.000000  0.000000  0.000000  0.000000
  0.000000  0.000000  0.000000  0.000000  0.000000


SPECTRUM
     0:          0          0         28        184        179
     5:        132        179        134        157        112
    10:        133        137        102        114        116
    15:        104         94        101         72         84
    20:         71         70         76         79         80
    25:         93         92         83        114        112
    30:        129        129        143        166        136
    35:        148        165        191        220        245
    40:        237        281        317        353        346
    45:        366        406        425        404        410
    50:        405        466        493        459        506
    55:        542        524        553        583        587
    60:        604        584        581        552        484
    65:        501        424        378        299        308
    70:        238        225        230        190        176
    75:        195        177        152        183        181
    80:        179        143        147        140        163
    85:        193        173        167        160        160
    90:        175        161        158        187        155
    95:        148        175        180        173        162
   100:        166        165        177        146        176
   105:        159        155        152        168        170
   110:        171        175        178        142        169
   115:        176        178        163        179        168
   120:        194        146        155        174        151
   125:        139        169        181        157        151
   130:        173        151        169        174        154
   135:        168        178        152        148        160
   140:        160        146        148        173        166
   145:        132        147        135        154        136
   150:        143        148        151        151        164
   155:        148        145        135        144        148
   160:        129        124        135        128        134
   165:        154        148        151        138        150
   170:        152        142        126        156        142
   175:        143        131        145        137        130
   180:        139        114        152        129        147
   185:        126        147        143        105         96
   190:        115        132        127        130        132
   195:        135        117        106        124        116
   200:        118        123        109        123        124
   205:        124        118        112        110        112
   210:        114        111        129        104        130
   215:        114         98        106         99        101
   220:         97        101        100        110        119
   225:        102         90         86        106        102
   230:         92         74        115         97        107
   235:         92        100         84        105        107
   240:         91         93         86        102         83
   245:         90         88         91         82         91
   250:        111        100         74         86         84
   255:         82        102        103         90         78
   260:         82         89         91         77         81
   265:         93         77         95         68         70
   270:         81         76         76         77         95
   275:         79         80         73         87         87
   280:         66         67         87         73         83
   285:         87         67         77         70         74
   290:         76         67         67         87         94
   295:         76         76         67         75         84
   300:         61         74         63         70         89
   305:         72         64         66         79         67
   310:         70         76         61         69         70
   315:         52         59         90         62         59
   320:         70         67         74         73         65
   325:         77         70         77         66         65
   330:         71         64         53         69         73
   335:         65         68         57         60         55
   340:         65         57         53         53         59
   345:         48         63         47         42         47
   350:         53         51         62         43         48
   355:         47         55         38         55         49
   360:         40         43         40         41         49
   365:         44         60         42         47         39
   370:         33         50         50         52         47
   375:         47         38         33         34         43
   380:         45         42         33         44         41
   385:         49         54         46         46         37
   390:         46         45         56         36         38
   395:         51         50         46         33         38
   400:         34         36         37         37         46
   405:         51         39         42         52         36
   410:         35         35         31         45         41
   415:         42         35         33         32         39
   420:         40         35         39         35         25
   425:         34         44         31         34         36
   430:         32         33         37         38         31
   435:         30         32         24         30         28
   440:         33         33         35         24         35
   445:         33         40         30         36         37
   450:         18         45         35         33         32
   455:         22         30         22         27         39
   460:         24         33         24         36         24
   465:         32         21         27         35         31
   470:         34         24         32         31         30
   475:         31         29         26         34         34
   480:         43         32         30         33         23
   485:         32         38         26         31         30
   490:         26         23         27         32         39
   495:         24         33         32         31         19
   500:         33         30         24         26         30
   505:         19         27         32         25         26
   510:         24         19         22         21         19
   515:         26         16         20         18         25
   520:         22         13         16         23         20
   525:         18         29         23         23         21
   530:         23         22         11         16         30
   535:         20         18         20         22         24
   540:         12         14         20         28         24
   545:         15         18          9         23         18
   550:         15         20         19         20         24
   555:         16         18         16         15         13
   560:         19         13         17         18         13
   565:         11         12         17         17         18
   570:         12         20         18         21         11
   575:         17         13         17         17         15
   580:         13         14         16         21         14
   585:         16         18         24         17         11
   590:         19         22         16         16         22
   595:         17         20         15         16         13
   600:         17         19         17         13         18
   605:         13         18         12         11         18
   610:         22         13         15         12         13
   615:         17         23         15         16         14
   620:         18         19         14         15         18
   625:         13         18         19         16         16
   630:          9         15         19         16         16
   635:         13         14         16          9         14
   640:         12         15         11         16          5
   645:         13         11         19         14         12
   650:         11         10         15          8          9
   655:          7         12         15         13         10
   660:         27         12         11         17         14
   665:         13         12         12         11         11
   670:         20         18         15          9         10
   675:         25         11         20         10         16
   680:         15          9         11          3          5
   685:         20          5         17         21          9
   690:         16         19         14         17         14
   695:         14         15         12         12         20
   700:         16         11         12         14         11
   705:          8          9         11         12         10
   710:          8         14         16         15         15
   715:         12         12         12         20         13
   720:         11         12         18         13         19
   725:         13          8          8         13         12
   730:          8         12         14         10          8
   735:         13          8         19         12         13
   740:         16          9          8         10         13
   745:         14         10         17          8          8
   750:         11         14         15          9         12
   755:         17         17          6         10          6
   760:         13         13         10         16         19
   765:         10         17         11         11         14
   770:         11          9         12         10         12
   775:         10         16          3          9         10
   780:          9         11         14         12          8
   785:          7         11         10          9          7
   790:         10          9          8         12          9
   795:         11         10         12         16          6
   800:         10         13         16         11          7
   805:          8          8         14          8         13
   810:          9          9         13         18         14
   815:          9         17         14         18         12
   820:         23         13          5         13         10
   825:         15         15         19          9         14
   830:         18         13         12         18          7
   835:          8         14         12         14         15
   840:          9         17         19         14         11
   845:         13          7         14         18         12
   850:         12         10         16         14         11
   855:         11         12         13         11         11
   860:         20         13         10         14         12
   865:          8          4         12          7          8
   870:         13         13         17         12         14
   875:         14         11         10          9          8
   880:         11         14          8         10          9
   885:          6         14          9          9          6
   890:          5          9          9          6         10
   895:          9         13          7          7          9
   900:          9          9         10          8         13
   905:          8         13         10          6          6
   910:          6          8         10          4         11
   915:          4          7          8          6          6
   920:          4          9          8          8         10
   925:          6         11         12          8          7
   930:          7          8          7          3         12
   935:          6          7          6          5          5
   940:         11          3          6          6          7
   945:         12          3         10          7          5
   950:          7          7          2          8          5
   955:          4         15          6          9          6
   960:          4          9         11          6          4
   965:         10          9          9          5          0
   970:          5          6         10          6          9
   975:          8          4          5          9          4
   980:          4         13          7         13          2
   985:          5          6          5         11         11
   990:          6          5          3          5          4
   995:          5          9          3          9          9
  1000:          4          2         11          9         10
  1005:          5          5          4          3          7
  1010:          4          6          3         12          8
  1015:          7         10          8         11          4
  1020:          7          8          8          6          6
  1025:          4          8         14          2          8
  1030:          6          8          7          2          5
  1035:          5          6          7          6          7
  1040:          4          5          3          6          4
  1045:         11          7          4          6         11
  1050:          5          7          8          9          6
  1055:          5          9          7         12          9
  1060:          5          7          4          5          4
  1065:          2          5          5          8          8
  1070:          7         11          5          4          4
  1075:         11          8          7          4          7
  1080:          8          4          8          7          7
  1085:          9          8          5          5          4
  1090:          6          3          9          8          4
  1095:          3         10          7          4          7
  1100:          4          8          4          6          5
  1105:         10          5          6          6         12
  1110:          3          5          7          5          9
  1115:          4          3          1          5          5
  1120:          4         11          4          6          1
  1125:          7          5          7          3          6
  1130:          3          6          6          8          4
  1135:          5          7          4          4          4
  1140:          3          4          3          4          2
  1145:          5          4          3          6          3
  1150:         11          5          8          7          5
  1155:          5          6          7          5          9
  1160:          9          6          6          6          3
  1165:          4          4          3          1          2
  1170:          7          2          3          6          3
  1175:          6          4          2          6          3
  1180:          3          4          4          4          5
  1185:          5          3          4          3          2
  1190:          2         10          3          5          5
  1195:          4          3          6          4          9
  1200:          5          9          4          6          8
  1205:          6          2          4          3          2
  1210:          2          3          4          4          1
  1215:          5          7          2          4          3
  1220:          2          4          4          4          4
  1225:          4          6          1          4          7
  1230:          2          8          6          5          4
  1235:          3          4          4          4          6
  1240:          8          3          3          3          2
  1245:         10          3          5          0          5
  1250:          5          1          4          6          5
  1255:          5          3          7          2          8
  1260:          7          1          3          1          4
  1265:          3          3          8          4          5
  1270:          4          2          3          0          6
  1275:          4          3          6          3          6
  1280:          7          6          6          3          6
  1285:         11          7          7         12          4
  1290:          6          7          5          5         10
  1295:          4         10          5          9          4
  1300:          8          4          4          5          4
  1305:          6          3          5          4          8
  1310:          4          4          5          6          5
  1315:          6          5          4          2          4
  1320:          2          7          5          4         12
  1325:          3          3          7          8          2
  1330:          3          4          7          4          5
  1335:          7          3          6          4          8
  1340:          6          6          4          4          5
  1345:          3          1          7          4          3
  1350:          4          6          3          3          3
  1355:          6          8          2          7          3
  1360:          6          1          3          3          5
  1365:          6          7          4          4          5
  1370:          5          7          5          3          8
  1375:          8          4          2         14          1
  1380:          8          4          5          6          3
  1385:          1          3          0          6          8
  1390:          4          8          5          4          6
  1395:          3          3          5          5          3
  1400:          4          8          4          7          1
  1405:          7          3          7          3          6
  1410:          4          3          6          6          1
  1415:          4          3          2          4          3
  1420:          2          2          2          2          5
  1425:          2          3          4          3          7
  1430:          5          5          8          6          5
  1435:          2          6          2          3          5
  1440:          2          1          2          1          4
  1445:          1          2          2          1          2
  1450:          5          5          1          3          4
  1455:          4          3          5          6          1
  1460:          2          8          4          3          1
  1465:          3          4          2          3          4
  1470:          3          3          2          4          4
  1475:          3          3          7          2          5
  1480:          4          0          6          4          3
  1485:          4          2          3          3          3
  1490:          4          2          1          3          5
  1495:          4          6          6          5          6
  1500:          5          2          3          6          4
  1505:          4          5          4          4          2
  1510:          3          5          3          5          5
  1515:          4          0          2          3          6
  1520:          4          8          3          3          5
  1525:          4          3          5          3          0
  1530:          4          1          2          2          5
  1535:          7          3          4          4          1
  1540:          4          4          2          2          5
  1545:          2          4          1          6          5
  1550:          4          1          4          6          5
  1555:          5          4          5          5          4
  1560:          2          4          3          6          3
  1565:          8          6          3          2          8
  1570:          8          7          6          0          4
  1575:          2          1          3          2          3
  1580:          3          4          2         10          4
  1585:          5          3          2          4          4
  1590:          5          3          3          7          1
  1595:          6          1          5          3          3
  1600:          3          2          5          2          4
  1605:          6          1          0          1          3
  1610:          4          3          6          4          3
  1615:          1          3          1          4          2
  1620:          6          4          5          6          4
  1625:          1          6          1          5          1
  1630:          4          3          2          6          5
  1635:          6          4          6          4          2
  1640:          5          1          2          4          1
  1645:          8          3          2          6          4
  1650:          5          4          4          2          5
  1655:          3          3          2          2          1
  1660:          3          1          3          3          0
  1665:          5          2          2          4          1
  1670:          2          7          4          1          2
  1675:          2          4          4          4          3
  1680:          6          2          4          0          2
  1685:          3          3          1          4          4
  1690:          0          2          2          1          1
  1695:          3          3          3          3          5
  1700:          6          4          3          3          3
  1705:          2          4          1          5          1
  1710:          2          3          2          3          2
  1715:          1          2          4          2          0
  1720:          0          5          6          3          1
  1725:          3          5          0          4          5
  1730:          2          0          0          4          1
  1735:          3          3          2          3          3
  1740:          2          3          4          2          2
  1745:          4          5          6          7          2
  1750:          2          1          0          2          3
  1755:          1          3          3          1          1
  1760:          2          0          3          1          1
  1765:          2          2          0          2          2
  1770:          4          4          4          4          1
  1775:          2          4          2          3          4
  1780:          4          2          1          2          0
  1785:          1          3          3          3          3
  1790:          2          0          5          3          1
  1795:          3          2          1          2          4
  1800:          1          2          0          3          2
  1805:          1          6          4          5          2
  1810:          1          2          2          2          2
  1815:          3          1          1          1          3
  1820:          1          0          1          0          0
  1825:          0          0          2          0          4
  1830:          3          4          1          5          0
  1835:          2          0          1          2          1
  1840:          5          5          2          1          2
  1845:          1          5          0          4          0
  1850:          1          0          5          0          1
  1855:          0          0          1          1          1
  1860:          0          3          1          1          3
  1865:          3          2          2          1          0
  1870:          0          1          2          4          0
  1875:          2          1          4          0          0
  1880:          1          1          1          2          1
  1885:          0          1          1          5          2
  1890:          1          2          1          0          4
  1895:          1          0          2          2          1
  1900:          0          0          4          2          2
  1905:          4          3          5          1          2
  1910:          4          3          2          1          3
  1915:          1          3          4          2          3
  1920:          3          3          2          1          1
  1925:          2          1          0          3          0
  1930:          2          1          5          3          3
  1935:          2          1          3          2          1
  1940:          2          3          3          1          1
  1945:          0          1          2          1          3
  1950:          1          1          4          2          2
  1955:          2          1          2          2          1
  1960:          2          1          0          3          2
  1965:          1          4          3          0          0
  1970:          3          2          2          4          0
  1975:          1          0          2          3          3
  1980:          5          3          3          3          6
  1985:          3          1          5          2          8
  1990:          1          5          1          2          7
  1995:          3          3          1          4          3
  2000:          3          7         15         12         25
  2005:         20         15         21         17         16
  2010:         17         18         13         21         11
  2015:         14         17         10         14         10
  2020:         14         13         15          9          4
  2025:         13         16         16         19         16
  2030:         13         15         24         10          8
  2035:         10         15         15         11         11
  2040:         11         12          6          8         10
  2045:         12          9         11	  0         0
