ACQUISITION INFORMATION

Detector ID:  1
Detector description:
LAB4C1 MCB 1
Sample description:
Assorbimento
Real Time:  888.079980
Live Time:  884.819980
Acquisition start date:  30Oct2019
Acquisition start time:  09:28:46
Starting channel number:   0
Number of channels:   2048


CALIBRATION INFORMATION

ENERGY CALIBRATION
Units:
Energy Fit:  0.000000E+000  1.000000E+000  0.000000E+000
FWHM Fit:  1.000000E+000  0.000000E+000  0.000000E+000
Efficiency Terms:  0.000000  0.000000  0.000000  0.000000  0.000000
  0.000000  0.000000  0.000000  0.000000  0.000000


SPECTRUM
    0:          0          0         40        179        177
    5:        226        197        205        200        218
    10:        189        228        232        230        232
    15:        233        246        245        251        234
    20:        199        236        235        216        188
    25:        201        198        214        198        213
    30:        189        204        196        213        209
    35:        219        226        205        218        232
    40:        243        226        232        217        228
    45:        242        262        243        245        238
    50:        276        288        297        274        298
    55:        295        269        288        316        320
    60:        341        357        312        383        378
    65:        338        395        369        411        425
    70:        409        424        425        472        410
    75:        430        454        485        479        457
    80:        526        451        495        489        499
    85:        476        504        458        457        456
    90:        478        500        494        488        498
    95:        444        489        440        442        393
   100:        457        454        455        505        472
   105:        476        508        480        489        460
   110:        488        449        477        478        461
   115:        428        466        414        456        438
   120:        489        457        431        447        425
   125:        451        451        432        453        450
   130:        458        451        441        446        433
   135:        458        436        423        479        401
   140:        462        434        445        462        455
   145:        448        454        443        450        430
   150:        440        460        461        467        433
   155:        499        484        408        467        416
   160:        427        457        452        450        479
   165:        443        447        426        447        462
   170:        440        430        450        445        407
   175:        437        400        404        414        386
   180:        416        418        470        392        459
   185:        409        407        400        404        409
   190:        422        405        404        404        404
   195:        386        389        403        386        372
   200:        396        417        388        400        394
   205:        392        401        350        385        377
   210:        389        369        367        374        359
   215:        366        369        398        392        370
   220:        377        347        392        338        383
   225:        382        382        375        405        381
   230:        358        362        403        401        378
   235:        414        357        373        399        388
   240:        401        406        390        371        439
   245:        401        376        402        356        403
   250:        394        410        397        375        401
   255:        369        414        386        350        371
   260:        399        393        354        375        358
   265:        354        340        376        339        341
   270:        353        328        370        359        350
   275:        377        334        313        294        318
   280:        308        339        308        320        299
   285:        325        315        340        326        313
   290:        338        329        301        327        341
   295:        308        295        276        297        316
   300:        292        268        289        295        299
   305:        289        288        275        293        267
   310:        265        294        288        287        300
   315:        300        273        277        286        277
   320:        295        318        264        282        282
   325:        276        283        251        273        272
   330:        281        240        263        278        279
   335:        247        263        274        244        271
   340:        255        255        289        246        242
   345:        230        250        242        246        218
   350:        240        234        195        217        220
   355:        227        232        238        209        234
   360:        230        220        215        241        199
   365:        220        228        223        185        202
   370:        217        229        222        196        212
   375:        207        220        191        178        218
   380:        189        220        200        223        211
   385:        209        188        200        217        214
   390:        202        217        180        198        194
   395:        220        186        203        198        216
   400:        204        196        192        178        177
   405:        191        190        173        173        186
   410:        170        196        166        177        206
   415:        198        189        164        182        170
   420:        162        181        191        183        151
   425:        194        172        157        145        172
   430:        194        179        145        181        170
   435:        165        171        157        182        178
   440:        177        154        165        199        158
   445:        158        160        163        178        169
   450:        144        156        165        161        162
   455:        164        178        140        150        167
   460:        175        162        132        162        157
   465:        167        171        161        163        147
   470:        148        182        170        137        169
   475:        152        144        154        138        145
   480:        158        162        152        170        155
   485:        158        145        143        153        168
   490:        138        149        145        155        122
   495:        144        138        143        141        149
   500:        141        156        150        144        165
   505:        157        139        150        127        155
   510:        141        147        130        140        114
   515:        135        168        135        153        116
   520:        125        144        129        160        140
   525:        127        148        135        127        114
   530:        161        121        122        122        142
   535:        142        125        131        141        156
   540:        125        135        119        127        141
   545:        124        144        109        144        124
   550:        152        127        129        126        149
   555:        128        122        125        113        126
   560:        135        113        138        121        108
   565:        130        134        125        131        125
   570:        129        137        111        129        127
   575:        124        122        103        125        118
   580:        118        124        143        119        128
   585:        157        116        144        134        104
   590:        126        141        131        138        119
   595:        141        108        116        124        112
   600:        141        127        141        141        108
   605:        118        102        120        133        137
   610:        131        127        129        107        130
   615:        137        127        121        143        103
   620:        115         95        119        131        119
   625:        126        114        113        109        115
   630:        116        114         97        105        106
   635:        118        108        112        123         99
   640:        114         99        102         99        114
   645:        111        111         95        106        108
   650:         91         95         98        100         79
   655:         87         90        115        102         99
   660:         92         98         73         93        104
   665:         93         84         93         71         91
   670:         79         75         87        103         88
   675:         94         71         84         87         79
   680:         68         77         73         87         80
   685:         96         89         80         83         85
   690:         80         79         83         69         79
   695:         81         75         70         67         77
   700:         80         71         90         74         77
   705:         86         81         90         67         71
   710:         70         91         67         76         83
   715:         69         76         62         80         64
   720:         82         73         82         76         71
   725:         69         66         80         69         61
   730:         66         57         82         75         64
   735:         72         67         72         76         65
   740:         70         59         74         73         58
   745:         79         74         76         81         64
   750:         74         67         73         47         61
   755:         61         76         76         77         64
   760:         67         62         80         58         56
   765:         57         54         74         71         58
   770:         53         65         63         64         48
   775:         76         73         86         66         59
   780:         72         66         61         72         65
   785:         53         63         74         69         88
   790:         63         55         67         64         55
   795:         71         75         62         70         71
   800:         59         63         65         58         50
   805:         66         70         64         77         58
   810:         65         72         69         79         79
   815:         65         73         69         68         54
   820:         65         60         57         69         55
   825:         79         71         77         69         65
   830:         70         69         56         70         70
   835:         66         73         62         59         70
   840:         65         75         72         77         78
   845:         58         77         70         70         75
   850:         76         90         77         76         77
   855:         72         75         78         79         93
   860:         73        100        100         91         93
   865:         98         69         91         97        120
   870:         96        110         96        111        126
   875:        121        103        123        118        122
   880:        130        132        159        157        150
   885:        174        140        159        168        167
   890:        205        211        212        214        225
   895:        250        231        234        245        273
   900:        273        289        296        289        288
   905:        310        299        341        351        380
   910:        403        389        375        388        421
   915:        428        393        414        463        418
   920:        451        412        493        432        471
   925:        453        479        461        489        501
   930:        495        529        503        474        507
   935:        498        481        479        472        523
   940:        481        486        482        517        454
   945:        442        518        493        434        392
   950:        456        417        363        406        453
   955:        366        388        363        334        316
   960:        363        337        323        291        274
   965:        291        261        271        250        228
   970:        194        209        200        205        187
   975:        198        171        152        155        167
   980:        129        118        133        109        117
   985:         99         90         78         90         70
   990:         64         75         62         58         62
   995:         39         44         39         44         46
  1000:         34         37         34         30         33
  1005:         30         17         26         19         19
  1010:         23         12         13         19         18
  1015:         19         15         14         19         13
  1020:         12         15         16          8          7
  1025:          8          8         17         14         10
  1030:          8         14          9         15         14
  1035:         10         10         12          9         12
  1040:          9          7         14          5          7
  1045:         10         11          9         10         11
  1050:          8         10          5         12         13
  1055:          7          7         10         11         13
  1060:         13         11          8          8          6
  1065:         10         12          9          7         10
  1070:         15          4          4         19          7
  1075:          8          5         10          8         11
  1080:          8          7         13          9         10
  1085:          7         11         11         10         11
  1090:         12         12          9         13          6
  1095:          8          8          8          9         12
  1100:          2         10          6          9          6
  1105:         10         11          7          5          7
  1110:         10          9          9          8          7
  1115:         15          4         13          8          4
  1120:          7         15         11          4          5
  1125:         10          9          7          9          4
  1130:         14         10         11          8          8
  1135:         10         10          9          9          7
  1140:         10          8          8          7          9
  1145:          2          8          7          7          4
  1150:         10         11          9          9         11
  1155:          7          8         10          9          7
  1160:          7          7          8         15         11
  1165:          8         14          6          5          7
  1170:          5         16         13          8          7
  1175:          5          8          5          7          9
  1180:          5          5          6          7         11
  1185:         10         12          9         11         11
  1190:         11         10          7          8          2
  1195:         12          9          6          5          6
  1200:          3          6          7          9          7
  1205:          9          6          9          6          8
  1210:          5         10          7          3          6
  1215:          7          9         12          8          9
  1220:          3         11          8          4          5
  1225:          5          7          3          7          7
  1230:          6         11          6          7          4
  1235:          4          5          7          7          9
  1240:         10          9          8          0         13
  1245:         10          4          6         10          8
  1250:          5          4          7          8          5
  1255:          9          5          9         10          8
  1260:         11         10         10         10         10
  1265:          6          8         10          5          7
  1270:          9          8          5          9         10
  1275:          5          8         10          7          9
  1280:          7          7         13          9         10
  1285:         11          4          6          9          8
  1290:          4          8         10          3          4
  1295:         12          6         10          3         13
  1300:          8          9          8          7         11
  1305:          8         12          7          8          7
  1310:          5         10          8         10          7
  1315:         11          7          9          4         10
  1320:          9          9          6          5         10
  1325:          5          7         12          5          5
  1330:         11          6         15          8          8
  1335:          7          9          9          9          7
  1340:         11          4          5         11          9
  1345:          7          9          5          6          5
  1350:          5          4         15          5          8
  1355:          9          6          6          7         15
  1360:          6          7          4          8          7
  1365:          4          5          2          7          7
  1370:          7          7          8          2          3
  1375:          5          5          9          8          7
  1380:         10         11          8          8          6
  1385:          7          3          9         11          5
  1390:          4          5          8          4          6
  1395:          4          5          7          6          9
  1400:          2          8          6          3          8
  1405:          6          7          9          6          3
  1410:          6          6          3          8          6
  1415:          6         11          7          5          5
  1420:          6          7          8          4          8
  1425:          8          8          2          6          6
  1430:          6          9          3          6          6
  1435:          6          6          2          4          4
  1440:          2          3          6          6          6
  1445:          1          7          2          6          4
  1450:          5         10          6          3          3
  1455:          8          6          3          4          6
  1460:          2          1          2          8         13
  1465:         11          4          5          4          6
  1470:          4          3          4          7          4
  1475:          4          7          2          4          4
  1480:         11          7         11          8         10
  1485:          5          1          5          3          3
  1490:          8          1          5          4          9
  1495:          5          5          8          5          6
  1500:          2          4          2          8          6
  1505:          8          3          6          6         11
  1510:          3          7          7         10          7
  1515:          1          3         10          3          5
  1520:          8          4          4          7          6
  1525:         10          1          6          5          7
  1530:          4          5          2          2          6
  1535:          9          6         10          6          9
  1540:          4          5          4          7          5
  1545:          6          4          8          5          8
  1550:          6          4          6          8          7
  1555:          7          2          7          7          7
  1560:          8          4          9          3          5
  1565:         10          3          5          6          6
  1570:          7          4          4          4          7
  1575:          5          5          5          6          8
  1580:         11          3          6          6          6
  1585:          8          3          7          8          3
  1590:         11          9          5          5          5
  1595:          7          3          5          5          8
  1600:          7          9          2          6          7
  1605:          2          6          8         10          9
  1610:          8          4          4          7          6
  1615:          3          7          6          9         11
  1620:          8         11          9         10          1
  1625:          4          7          2          1          4
  1630:          4          2          8          1          4
  1635:          5          8          5          3          5
  1640:          2          6          8          7          3
  1645:          7          8          6          2          1
  1650:          7          7          9          3          7
  1655:          5          2          3          7          6
  1660:          4          7          7          3          8
  1665:          4          5          5          5          6
  1670:          7         10          3          9          5
  1675:          4          2          7          8          4
  1680:          8          3          6          5          3
  1685:          5          4          5          2          3
  1690:          5          4          7          7          8
  1695:          2          7          5          4          7
  1700:          6          4          0          6          4
  1705:          5          7          7          5          6
  1710:          6          5          3          0          3
  1715:          1         10          2          4          6
  1720:          4          6          3          1          1
  1725:          4          3          2          5          3
  1730:          2          2          2          5          8
  1735:          2          6          5          5          5
  1740:          4          3          3          4          5
  1745:          5          3          3          2          2
  1750:          1          4          3          2          4
  1755:          6          2          3          8          4
  1760:          4          2          7          6          3
  1765:          8          1          1          4          3
  1770:          4          2          3          3          1
  1775:          2          3          4          2          4
  1780:          6          3          3          3          3
  1785:          6          7          2          4          4
  1790:          4          1          3          3          4
  1795:          1          4          2          5          5
  1800:          3          4          1          2          4
  1805:          1          3          5          4          3
  1810:          2          2          3          3          9
  1815:          4          8          3          4          0
  1820:          4          1          0          2          5
  1825:          1          1          1          3          1
  1830:          4          2          3          2          3
  1835:          1          7          2          4          4
  1840:          0          2          3          2          2
  1845:          3          2          0          0          2
  1850:          4          1          3          2          0
  1855:          5          4          3          3          2
  1860:          3          6          3          5          4
  1865:          3          1          4          1          1
  1870:          0          2          2          3          4
  1875:          2          2          3          2          1
  1880:          2          3          0          3          1
  1885:          2          1          1          2          2
  1890:          3          2          2          1          4
  1895:          3          4          5          2          3
  1900:          1          4          1          5          3
  1905:          2          0          1          4          1
  1910:          4          1          3          4          1
  1915:          2          4          5          2          4
  1920:          3          5          3          2          3
  1925:          2          3          3          4          1
  1930:          3          1          2          1          4
  1935:          3          7          1          2          2
  1940:          0          3          2          2          2
  1945:          4          2          1          3          5
  1950:          1          5          5          2          3
  1955:          5          6          2          3          4
  1960:          4          3          2          1          2
  1965:          3          1          4          4          2
  1970:          3          6          4          5          2
  1975:          5          7          5          7          9
  1980:          6          9          3          2          6
  1985:          6          4          4          9          2
  1990:          4          6          5          5          2
  1995:          9          4         13          6          8
  2000:          4         10         30         26         20
  2005:         21         23         23         27         23
  2010:         26         17         21         27         22
  2015:         27         22         19         21         13
  2020:         17         18         20         23         10
  2025:         19         13         15         16         26
  2030:         21         18         16         19         14
  2035:         22         11         14         24         20
  2040:         13         13         14         20         15
  2045:         16         13         13          0           0
