ACQUISITION INFORMATION

Detector ID:  1
Detector description:
LAB4C1 MCB 1
Sample description:
Assorbimento
Real Time:  4005.979910
Live Time:  3993.619911
Acquisition start date:  29Oct2019
Acquisition start time:  17:38:12
Starting channel number:   0
Number of channels:   2048


CALIBRATION INFORMATION

ENERGY CALIBRATION
Units:
Energy Fit:  0.000000E+000  1.000000E+000  0.000000E+000
FWHM Fit:  1.000000E+000  0.000000E+000  0.000000E+000
Efficiency Terms:  0.000000  0.000000  0.000000  0.000000  0.000000
  0.000000  0.000000  0.000000  0.000000  0.000000


SPECTRUM
     0:          0          1        122        482        476
     5:        504        562        492        498        491
    10:        555        520        574        547        560
    15:        572        594        567        546        559
    20:        575        561        588        612        591
    25:        598        599        633        612        617
    30:        628        657        665        667        681
    35:        664        702        719        706        697
    40:        698        790        789        758        755
    45:        807        816        853        862        867
    50:        888        931        955       1014        978
    55:       1081       1022       1011       1080       1052
    60:       1129       1158       1088       1253       1197
    65:       1271       1222       1292       1336       1361
    70:       1345       1361       1395       1431       1501
    75:       1432       1463       1493       1529       1559
    80:       1612       1619       1615       1640       1626
    85:       1638       1648       1638       1701       1606
    90:       1612       1618       1568       1558       1611
    95:       1595       1625       1559       1553       1582
   100:       1578       1602       1697       1522       1523
   105:       1437       1594       1453       1522       1563
   110:       1521       1451       1511       1570       1536
   115:       1546       1498       1581       1508       1567
   120:       1410       1500       1486       1516       1425
   125:       1566       1507       1503       1455       1444
   130:       1430       1456       1462       1353       1442
   135:       1478       1426       1458       1453       1489
   140:       1456       1403       1513       1433       1448
   145:       1458       1411       1410       1417       1439
   150:       1375       1404       1345       1427       1359
   155:       1401       1415       1407       1406       1367
   160:       1365       1365       1352       1336       1353
   165:       1418       1355       1312       1392       1344
   170:       1364       1336       1326       1324       1288
   175:       1373       1282       1275       1331       1328
   180:       1293       1277       1267       1309       1275
   185:       1262       1231       1188       1205       1242
   190:       1262       1200       1191       1211       1238
   195:       1214       1166       1159       1176       1192
   200:       1246       1172       1167       1150       1125
   205:       1161       1128       1114       1149       1156
   210:       1148       1131       1124       1114       1174
   215:       1160       1146       1100       1133       1144
   220:       1071       1123       1074       1050       1087
   225:       1121       1109       1070       1045       1091
   230:       1094        997       1096       1075       1032
   235:       1042       1055       1026       1009       1027
   240:       1004       1048       1007       1035       1017
   245:       1014       1012       1046        992        963
   250:        995       1036        999       1048        992
   255:        965        956        965       1002        941
   260:       1014        991        971        883        985
   265:        889        905        898        879        863
   270:        893        925        940        925        895
   275:        944        916       1004        973        900
   280:        934        896        905        901        928
   285:        946        908        906        920        929
   290:        946        898        962        910        923
   295:        899        904        904        853        877
   300:        938        933        887        892        877
   305:        875        907        932        912        881
   310:        869        867        842        892        858
   315:        875        858        897        817        916
   320:        886        854        838        808        826
   325:        842        845        822        800        856
   330:        824        799        776        833        764
   335:        775        756        739        778        741
   340:        726        719        692        702        725
   345:        718        699        709        693        669
   350:        672        653        678        675        659
   355:        659        648        672        663        643
   360:        654        677        634        636        651
   365:        639        654        602        624        601
   370:        638        630        654        621        611
   375:        628        635        646        631        616
   380:        591        582        577        614        562
   385:        597        612        615        593        613
   390:        591        562        597        578        545
   395:        604        588        604        600        557
   400:        620        575        541        573        583
   405:        528        528        584        568        542
   410:        570        580        489        540        535
   415:        561        539        583        518        566
   420:        518        539        511        534        507
   425:        484        528        519        536        483
   430:        483        497        521        496        507
   435:        514        467        514        492        486
   440:        467        503        483        507        490
   445:        471        495        510        470        504
   450:        520        494        475        456        466
   455:        476        477        477        502        483
   460:        497        487        498        471        477
   465:        466        465        462        462        474
   470:        499        457        483        498        478
   475:        481        443        468        493        481
   480:        481        448        468        459        439
   485:        472        453        452        477        454
   490:        468        449        414        459        467
   495:        445        450        416        443        461
   500:        461        428        444        411        437
   505:        410        420        426        432        449
   510:        419        414        386        373        376
   515:        385        407        406        383        401
   520:        378        382        352        404        374
   525:        398        392        373        378        379
   530:        363        353        370        389        376
   535:        368        320        365        347        357
   540:        353        357        374        360        373
   545:        353        355        345        362        341
   550:        364        353        369        316        338
   555:        344        346        347        379        362
   560:        350        338        362        351        357
   565:        352        358        382        346        370
   570:        345        361        353        324        352
   575:        352        341        313        319        327
   580:        348        362        324        343        319
   585:        304        377        321        332        320
   590:        342        359        332        356        337
   595:        339        348        325        327        355
   600:        347        317        328        329        299
   605:        309        309        302        341        374
   610:        359        317        307        316        313
   615:        353        306        322        321        284
   620:        280        312        294        302        298
   625:        282        328        307        326        319
   630:        306        311        303        290        312
   635:        309        355        299        297        343
   640:        307        293        340        304        300
   645:        315        305        291        338        317
   650:        331        325        291        312        299
   655:        289        320        303        291        281
   660:        292        314        316        322        279
   665:        284        307        274        321        320
   670:        285        323        313        326        278
   675:        297        282        297        284        323
   680:        314        298        311        298        318
   685:        287        292        298        310        296
   690:        314        282        291        303        289
   695:        281        305        309        311        283
   700:        306        303        283        333        296
   705:        282        308        299        305        304
   710:        332        304        285        320        291
   715:        336        301        313        291        313
   720:        307        294        311        274        287
   725:        271        332        299        281        289
   730:        293        269        294        308        309
   735:        291        288        283        289        303
   740:        268        293        286        266        281
   745:        296        279        276        294        300
   750:        274        255        259        298        291
   755:        270        297        249        301        276
   760:        280        279        268        277        305
   765:        285        263        239        279        282
   770:        272        262        279        264        296
   775:        261        272        250        252        272
   780:        281        288        283        289        281
   785:        243        251        287        295        285
   790:        281        245        255        267        258
   795:        235        259        295        260        290
   800:        265        274        284        285        301
   805:        274        271        303        287        278
   810:        241        288        274        296        283
   815:        277        256        264        289        271
   820:        298        262        250        288        324
   825:        297        272        283        291        268
   830:        249        279        292        296        257
   835:        281        289        279        279        276
   840:        254        272        302        292        296
   845:        279        280        300        288        285
   850:        274        266        326        301        258
   855:        299        288        283        270        296
   860:        263        298        256        280        286
   865:        269        294        270        250        257
   870:        254        248        295        255        290
   875:        280        281        292        269        248
   880:        283        258        244        237        245
   885:        262        270        271        247        247
   890:        286        264        250        255        215
   895:        244        247        243        275        258
   900:        249        242        248        242        242
   905:        239        250        238        230        232
   910:        271        248        237        227        237
   915:        223        237        255        230        237
   920:        253        263        272        245        238
   925:        239        230        254        243        254
   930:        233        255        227        234        260
   935:        245        226        229        244        254
   940:        263        253        231        232        246
   945:        230        245        232        260        259
   950:        243        234        223        246        221
   955:        243        268        231        252        237
   960:        241        243        251        233        236
   965:        223        244        249        238        215
   970:        236        217        247        218        227
   975:        240        223        216        255        253
   980:        230        243        224        209        219
   985:        214        228        244        263        210
   990:        250        241        235        224        239
   995:        258        240        217        228        217
  1000:        266        242        233        268        233
  1005:        239        217        211        242        229
  1010:        233        213        267        231        217
  1015:        205        252        231        252        230
  1020:        261        244        203        233        231
  1025:        241        249        232        238        212
  1030:        210        238        197        203        214
  1035:        240        235        239        211        219
  1040:        233        236        228        207        217
  1045:        244        222        225        239        233
  1050:        217        255        245        224        214
  1055:        237        242        228        219        216
  1060:        252        200        227        224        236
  1065:        215        235        221        245        212
  1070:        236        228        243        226        232
  1075:        216        208        212        254        230
  1080:        255        198        222        234        209
  1085:        258        211        221        228        234
  1090:        225        226        248        231        195
  1095:        233        220        203        226        228
  1100:        241        253        231        265        221
  1105:        243        207        222        223        218
  1110:        232        222        249        225        213
  1115:        213        212        210        225        214
  1120:        230        228        259        220        227
  1125:        231        230        246        217        217
  1130:        227        224        213        240        220
  1135:        236        225        209        223        210
  1140:        219        254        219        226        242
  1145:        246        224        200        216        221
  1150:        218        236        230        262        237
  1155:        239        199        229        216        249
  1160:        220        200        232        241        217
  1165:        233        221        192        201        233
  1170:        206        222        213        256        236
  1175:        240        193        254        216        221
  1180:        213        238        206        218        210
  1185:        215        226        232        235        225
  1190:        223        234        212        233        219
  1195:        229        206        224        235        226
  1200:        227        199        215        245        225
  1205:        210        217        250        217        242
  1210:        237        210        221        224        217
  1215:        237        173        208        223        212
  1220:        230        222        226        212        224
  1225:        220        232        208        209        222
  1230:        256        234        199        207        241
  1235:        233        198        239        223        242
  1240:        205        227        221        211        235
  1245:        229        234        202        197        226
  1250:        246        248        214        243        240
  1255:        227        234        232        214        248
  1260:        236        269        239        202        228
  1265:        204        243        224        199        227
  1270:        200        252        227        265        232
  1275:        211        214        228        208        226
  1280:        238        244        208        218        238
  1285:        222        202        225        214        254
  1290:        228        211        236        218        206
  1295:        177        209        201        206        225
  1300:        222        215        206        220        176
  1305:        208        193        213        211        214
  1310:        226        204        199        204        184
  1315:        216        206        217        210        203
  1320:        222        239        202        184        232
  1325:        220        214        187        191        193
  1330:        190        184        221        174        187
  1335:        204        194        204        176        213
  1340:        194        193        194        181        170
  1345:        174        179        174        194        184
  1350:        164        211        164        154        178
  1355:        183        159        177        173        181
  1360:        176        167        192        186        191
  1365:        189        163        171        189        179
  1370:        189        159        186        178        159
  1375:        159        152        161        176        171
  1380:        177        177        172        203        166
  1385:        159        153        176        175        178
  1390:        169        156        171        153        158
  1395:        147        162        167        166        176
  1400:        162        166        153        154        174
  1405:        175        161        159        165        148
  1410:        161        154        138        150        135
  1415:        152        176        145        155        153
  1420:        145        162        159        139        156
  1425:        174        155        126        165        154
  1430:        150        144        147        155        142
  1435:        151        158        166        164        136
  1440:        160        157        142        152        162
  1445:        144        175        139        148        162
  1450:        174        136        151        119        131
  1455:        131        116        134        138        151
  1460:        135        134        150        156        154
  1465:        136        133        136        136        149
  1470:        131        136        140        135        145
  1475:        145        149        146        146        135
  1480:        166        141        155        159        158
  1485:        143        162        142        135        133
  1490:        139        129        131        141        155
  1495:        118        124        167        153        139
  1500:        128        130        130        120        159
  1505:        131        161        144        166        131
  1510:        134        123        147        124        128
  1515:        117        125        129        135        122
  1520:        154        129        128        148        130
  1525:        135        143        123        148        139
  1530:        127        129        106        107        117
  1535:        107        119        137        127        114
  1540:        128        131        129        136        123
  1545:        149        115        108        106        137
  1550:        128        126        137        110        127
  1555:        120        137        121        134        127
  1560:        128        132        134        129        135
  1565:        145        120        131        148        130
  1570:        156        149        125        148        137
  1575:        128        145        177        155        149
  1580:        152        170        175        162        193
  1585:        170        176        170        181        175
  1590:        201        180        172        169        189
  1595:        203        205        196        230        209
  1600:        206        214        239        225        247
  1605:        234        248        260        264        273
  1610:        259        259        280        293        301
  1615:        294        305        291        265        297
  1620:        273        332        287        301        324
  1625:        334        337        343        349        357
  1630:        322        343        369        364        360
  1635:        394        387        376        365        356
  1640:        381        402        381        383        383
  1645:        368        360        388        397        397
  1650:        401        390        425        370        356
  1655:        403        412        405        374        381
  1660:        381        395        358        375        384
  1665:        417        400        370        422        365
  1670:        374        373        358        326        359
  1675:        338        361        324        305        338
  1680:        329        309        343        329        316
  1685:        288        278        264        242        273
  1690:        227        240        245        230        219
  1695:        224        238        196        217        207
  1700:        190        220        207        193        186
  1705:        192        170        176        178        167
  1710:        161        172        162        147        140
  1715:        122        132        140        120        104
  1720:        112        109        109        126        113
  1725:        110         93        109        107         71
  1730:         74         87         92         90         85
  1735:         73         71         73         67         74
  1740:         75         61         78         51         59
  1745:         48         57         55         63         61
  1750:         63         57         42         37         48
  1755:         57         56         49         56         51
  1760:         56         54         51         53         50
  1765:         48         58         44         56         40
  1770:         52         45         61         70         46
  1775:         60         46         60         60         55
  1780:         47         67         53         67         67
  1785:         64         70         52         85         63
  1790:         60         91         74         85         77
  1795:         86         86         92         72         81
  1800:         87         77         71         92         99
  1805:        117        132         98        110        127
  1810:        101        129        104        131        117
  1815:        129        159        117        147        129
  1820:        155        159        162        165        185
  1825:        163        183        174        156        189
  1830:        163        178        198        196        186
  1835:        192        222        235        256        222
  1840:        231        244        250        226        225
  1845:        254        254        287        249        247
  1850:        280        253        283        278        301
  1855:        283        287        303        289        298
  1860:        286        294        314        287        296
  1865:        322        309        311        306        322
  1870:        342        335        325        325        335
  1875:        293        338        308        299        326
  1880:        272        266        303        328        321
  1885:        331        307        284        292        296
  1890:        276        305        304        303        267
  1895:        256        309        250        235        261
  1900:        264        242        278        249        244
  1905:        230        253        221        219        220
  1910:        213        233        217        213        206
  1915:        192        168        181        178        174
  1920:        174        178        176        182        156
  1925:        128        129        155        146        147
  1930:        129        118        106        110        125
  1935:        114        113        120         87        112
  1940:        106         80         71         99         83
  1945:         99         78         88         69         74
  1950:         79         65         57         84         81
  1955:         58         50         57         50         52
  1960:         39         52         44         57         49
  1965:         51         58         44         48         39
  1970:         46         42         34         29         41
  1975:         37         27         30         29         44
  1980:         26         41         44         29         35
  1985:         38         35         28         31         38
  1990:         28         28         33         30         29
  1995:         42         35         25         30         33
  2000:         20         43        126        128        153
  2005:        138        133        134         94        121
  2010:        126        117        109        119        112
  2015:         86         98        105         90         87
  2020:        113         83        104        108         84
  2025:        106         88         83         84         96
  2030:         91         95         99         93         99
  2035:         87         63         76         79         71
  2040:         70         75         59         60         60
  2045:         57         54         50	0	0
