ACQUISITION INFORMATION

Detector ID:  1
Detector description:
LAB4C1 MCB 1
Sample description:
Assorbimento
Real Time:  1561.519965
Live Time:  1555.999965
Acquisition start date:  31Oct2019
Acquisition start time:  16:29:19
Starting channel number:   0
Number of channels:   2048


CALIBRATION INFORMATION

ENERGY CALIBRATION
Units:
Energy Fit:  0.000000E+000  1.000000E+000  0.000000E+000
FWHM Fit:  1.000000E+000  0.000000E+000  0.000000E+000
Efficiency Terms:  0.000000  0.000000  0.000000  0.000000  0.000000
  0.000000  0.000000  0.000000  0.000000  0.000000


SPECTRUM
     0:          0          0         29        283        259
     5:        303        334        284        281        313
    10:        331        313        305        325        335
    15:        331        312        326        331        346
    20:        325        325        324        313        340
    25:        361        352        347        374        334
    30:        363        342        391        371        406
    35:        437        430        426        445        470
    40:        424        452        497        505        445
    45:        520        513        595        527        584
    50:        570        594        648        648        632
    55:        672        682        708        681        698
    60:        742        791        764        752        789
    65:        851        839        840        834        903
    70:        900        897        905        921        880
    75:       1016        935        998        918        937
    80:       1026        972       1053        974       1046
    85:       1045        962       1047       1080       1062
    90:       1033       1066       1047       1025       1084
    95:       1091       1056       1076       1125       1039
   100:       1059       1063       1131       1046       1085
   105:       1132       1125       1098       1123       1107
   110:       1110       1073       1124       1034       1043
   115:       1042       1066       1108       1077       1111
   120:       1104       1092       1041       1093       1080
   125:       1105       1105       1054       1099       1068
   130:       1038       1078       1136       1077       1105
   135:       1079       1033       1027       1011       1074
   140:       1069       1056       1031       1068       1083
   145:       1038       1020       1041       1082        956
   150:       1033       1106       1015       1072       1022
   155:       1003       1029       1000        975        964
   160:        953        972        995        951       1021
   165:        943        967       1013        978        994
   170:        901        959        944        920        954
   175:        901        898        905        931        948
   180:        903        890        875        890        827
   185:        893        884        863        879        826
   190:        861        853        871        864        883
   195:        845        842        838        851        849
   200:        848        817        823        817        824
   205:        869        812        780        838        750
   210:        824        756        792        782        830
   215:        728        801        760        825        741
   220:        744        776        761        758        756
   225:        716        748        753        724        716
   230:        693        722        768        736        764
   235:        749        716        703        749        750
   240:        743        696        781        689        774
   245:        752        749        716        720        680
   250:        750        717        738        708        762
   255:        679        697        650        728        738
   260:        664        684        729        706        650
   265:        670        610        647        575        629
   270:        628        658        669        618        598
   275:        619        617        552        590        620
   280:        584        566        583        585        604
   285:        570        573        596        567        510
   290:        524        531        547        557        542
   295:        566        520        545        519        513
   300:        530        533        494        531        517
   305:        528        486        518        490        506
   310:        552        507        534        463        509
   315:        485        535        506        484        509
   320:        515        490        499        474        468
   325:        491        476        470        457        447
   330:        472        476        487        468        458
   335:        444        463        465        431        418
   340:        438        427        412        376        436
   345:        373        417        385        402        390
   350:        413        401        391        423        385
   355:        385        363        408        378        372
   360:        378        339        363        368        388
   365:        346        362        307        388        362
   370:        365        309        360        361        339
   375:        342        344        365        363        318
   380:        349        307        352        368        373
   385:        336        353        326        331        320
   390:        337        315        325        330        328
   395:        332        322        315        285        296
   400:        276        305        283        343        318
   405:        292        291        300        302        285
   410:        323        320        316        272        266
   415:        293        271        292        265        280
   420:        300        273        302        286        290
   425:        290        264        288        272        290
   430:        288        235        268        264        283
   435:        281        279        244        305        305
   440:        298        281        253        266        234
   445:        259        297        253        271        247
   450:        273        246        283        287        273
   455:        249        259        286        273        298
   460:        261        249        257        264        237
   465:        216        228        256        255        269
   470:        237        266        237        246        198
   475:        249        244        226        248        245
   480:        267        253        227        262        237
   485:        246        254        271        243        244
   490:        250        220        250        227        249
   495:        208        247        221        203        246
   500:        237        239        241        249        221
   505:        180        230        213        210        213
   510:        181        201        247        216        210
   515:        198        199        210        208        198
   520:        222        206        206        232        211
   525:        206        182        192        207        201
   530:        172        182        177        195        209
   535:        192        169        182        191        191
   540:        196        202        175        201        179
   545:        206        177        178        165        196
   550:        194        206        176        184        174
   555:        193        173        200        187        185
   560:        194        180        183        174        175
   565:        187        207        163        207        194
   570:        199        188        191        198        190
   575:        160        150        191        191        185
   580:        165        190        194        174        177
   585:        192        194        172        150        170
   590:        190        170        162        153        199
   595:        153        170        159        174        177
   600:        188        158        184        158        144
   605:        179        167        177        197        139
   610:        183        173        171        169        177
   615:        160        191        186        159        156
   620:        178        169        163        181        163
   625:        173        170        153        152        165
   630:        163        167        166        170        131
   635:        168        163        150        151        157
   640:        149        149        142        145        132
   645:        150        141        122        135        147
   650:        139        144        149        131        133
   655:        152        127        141        139        132
   660:        149        137        131        121        138
   665:        126        137        142        124        110
   670:        137        121        101        130        125
   675:        131        126        127        134        136
   680:        127        118        131        140        117
   685:        137        104        122        136        141
   690:        121        138        134        142        143
   695:        129        126        128        108        135
   700:        129        130        120        116        139
   705:        131        142        118        115        125
   710:        120        118        117        121        123
   715:        126        105        113        115        124
   720:        103        103        113        120        111
   725:        108        101        121        128        115
   730:         91        109         85        116        119
   735:        117        104        121        131        118
   740:        116        112        115        115        102
   745:        112        110        100        117        107
   750:         95        100        115         99        107
   755:        109         95         81        132        102
   760:        104         94        102         95        112
   765:        109        104        110        107         97
   770:        116         95         87        116         95
   775:         98         91        108        111         92
   780:         90         88         93        106        110
   785:        106         99         84         97        111
   790:        102        122        110        114        122
   795:        106        103         99         91         97
   800:        122        125         95         89        106
   805:        104         78         98        110         94
   810:        104        123         98        111        113
   815:         93        134        118         99         93
   820:        100        120        103        122        113
   825:        101        114        107        105        118
   830:        107        108         97        117        117
   835:        110        125        113        115        113
   840:        103         97         97         92        111
   845:        103        117        129        113        152
   850:        119        109        104        132        111
   855:        113        130        110        112        123
   860:        121        140        113        121        105
   865:        128        134        126        129        130
   870:        140        136        141        118        152
   875:        163        152        156        152        153
   880:        164        178        132        166        177
   885:        188        173        182        188        195
   890:        184        165        196        180        202
   895:        227        223        235        235        236
   900:        232        235        249        280        273
   905:        258        287        261        292        284
   910:        305        284        274        293        299
   915:        288        309        296        320        297
   920:        333        327        323        296        331
   925:        312        337        320        318        334
   930:        293        326        324        296        325
   935:        296        315        318        307        338
   940:        315        299        292        322        276
   945:        273        259        272        279        269
   950:        242        232        231        250        235
   955:        224        205        189        175        192
   960:        172        181        170        170        181
   965:        187        171        149        128        133
   970:        128        110        120        114        101
   975:         85         95         96         80         78
   980:         87         51         70         50         65
   985:         64         53         59         40         53
   990:         29         41         42         33         39
   995:         35         34         29         33         30
  1000:         36         38         32         26         28
  1005:         30         22         20         15         22
  1010:         26         19         21         22         16
  1015:         19         18         24         17         23
  1020:         24         25         20         18         24
  1025:         22         23         19         22         28
  1030:         29         22         24         20         23
  1035:         15         25         21         25         16
  1040:         25         26         16         17         17
  1045:         14         18         23         20         20
  1050:         19         22         20         19         14
  1055:         23         16         19         30         15
  1060:         26         17         20         20         17
  1065:         17         12         19         21         22
  1070:         19         20         20         21         20
  1075:         15         20         17         17         19
  1080:         22         22         19         19         26
  1085:         13         18         23         23         19
  1090:         17         12         11         16         19
  1095:         15         11         20         16         23
  1100:         20         24         15         23         11
  1105:         18         21         16         17         22
  1110:         18         17         18         16         21
  1115:         16         18         20         23         19
  1120:         14         19         19         18         13
  1125:         14         19         23          8         18
  1130:         24         24         15         17         18
  1135:         15         16         18         20         17
  1140:         15         17         16         18         14
  1145:         17         12         20         18         21
  1150:         13         18         14         13         13
  1155:         15         18         12         18         15
  1160:         17         12         19         11          7
  1165:         16         14         14         18         14
  1170:         15         11         12         13         18
  1175:         16         12         17         11         14
  1180:         16         24         10         14         16
  1185:         15         15         17         12         19
  1190:         21         19         16          9         11
  1195:         17         14         11         17         24
  1200:         21         13         19         12         22
  1205:         17         13         21         20         20
  1210:         17         14         14         17         26
  1215:         12         24         15         17         11
  1220:         17         15         15         14         11
  1225:         11         16         12         14         14
  1230:         11         15         14         14         15
  1235:         17         24         21         21         16
  1240:         19         12         18         19         13
  1245:         12         17         20         16         22
  1250:          2         17         20         14         16
  1255:         22         12         25         21         15
  1260:         18         12         17         20         13
  1265:         22         16         24         15         23
  1270:         24         15         11         17         22
  1275:         16         17         17         14         21
  1280:         17         15         12         24         15
  1285:         17         16         10         19         20
  1290:         12         19         11         23          9
  1295:         20         22         20         17         17
  1300:         14         12         20         14         17
  1305:         23         20         13         18         18
  1310:         13         30         18         14         17
  1315:         19         16         23         13         12
  1320:         19         19         13         12         20
  1325:         14         16         15         13          8
  1330:         17         10         11          7         13
  1335:         17         25         12          8         15
  1340:         15         21         14         12         12
  1345:         21         15         15         13         16
  1350:         10         19         19         15         15
  1355:         11         12         20         11         14
  1360:         16         19         18         10         19
  1365:         16         18         10         12         17
  1370:         12         16         15         17         18
  1375:         12         16         13         14         11
  1380:         15         10         11         11         16
  1385:         12         17         22         13         11
  1390:         17         12         20         18         23
  1395:         13         15          9         10         14
  1400:          6         11          9         12         14
  1405:         17         10         10         12         17
  1410:          4         16         14          7         14
  1415:         13         15          9          8          9
  1420:         14         13         19          9         12
  1425:          9         12          6          8         11
  1430:         11          7         10          6         10
  1435:         10         14          7         13         16
  1440:          8         17         14         10         14
  1445:          7         11         14          8         11
  1450:          9         12         15         13          4
  1455:          9          9         17         10         15
  1460:         13         10         13          6         14
  1465:         15          7          9         10         10
  1470:         14          8         10          7         14
  1475:          8         14         13         14         10
  1480:         13         15          4         12         11
  1485:          9         13         10          7         13
  1490:         14          8         17         11          9
  1495:         12         13         10          9          9
  1500:          7         15         12          5         12
  1505:         12         13         11          3          8
  1510:         14         16         11         14          9
  1515:         10          6         11         17         16
  1520:         11          7         11          8         16
  1525:         19         16         10         12          4
  1530:          8          9         11          8         18
  1535:         13         12         13         12         13
  1540:         17         21          8         11         14
  1545:          7         10         17         15         15
  1550:         11         11         10         13         11
  1555:         13         14         16         13         10
  1560:         10          9         12         12          6
  1565:         11         16         13         15          3
  1570:          8         11          9         20         15
  1575:         15         11          8          7         11
  1580:         11         11         14         18         12
  1585:         10         11         17         10         16
  1590:         14         14         16         15         13
  1595:         15          8          9         11          9
  1600:         15         15         14         13         13
  1605:         14         15         16         17         16
  1610:          6          9         13         13          8
  1615:          9         15         11         14         11
  1620:         14         12         11         16         14
  1625:         12          9         13          9         12
  1630:         13          8          8         10         15
  1635:          7         12         11         18         10
  1640:         10         11         18          6          6
  1645:          5          8          8         10          6
  1650:         10          9          7         11          5
  1655:         10         11          9          8          7
  1660:         11         12         10         10          7
  1665:         10          7          2         10          6
  1670:          7         12         11          8          6
  1675:          8         12          6          9          8
  1680:         13          9          9          4         12
  1685:         10         11          9         14         10
  1690:          7          6         10          9          9
  1695:          8          6         10         10          5
  1700:          6          8          8         10         11
  1705:         10          8         10          4         10
  1710:         12         10         13          6          8
  1715:          9         14         10         10          7
  1720:         10         11          4          9         10
  1725:          8          9          9          7          5
  1730:         14          9          8          7          4
  1735:          2          9          4          6          8
  1740:          9          8          7         11          8
  1745:          2          6          5          9          5
  1750:          2          5          7          9          5
  1755:          9          7          5          0          4
  1760:         10          7          6          2         12
  1765:         11          8          6          6          9
  1770:          3          8          8          5          3
  1775:          7          6          8          8          4
  1780:          3          6          4          6          6
  1785:          6          2          2          7          5
  1790:          1          6          9          7          3
  1795:          4         10          4          8          7
  1800:          3          8          9          4          5
  1805:          9         10          4          6          7
  1810:          7          8          6          4          4
  1815:          4          1          5          4          3
  1820:          4          4         10          3          5
  1825:          4          3          3          4          5
  1830:          2          7          6          5          5
  1835:          6          3          4          7          4
  1840:          4          3          6          4          3
  1845:          5          2          7          6          3
  1850:          4          8          4          4          3
  1855:          4         11          5          6          3
  1860:          5          5          2          2          8
  1865:          2          3          3         13          8
  1870:          5          9          5          1          9
  1875:          6          7          8          6          2
  1880:          7          4          6          4          5
  1885:          4          5          4          6          3
  1890:          4          6          3          3          1
  1895:          3          3          6          6          0
  1900:          3         10          7          8          3
  1905:          2          6          4          8          3
  1910:          3          4         13          6          7
  1915:          7          7          6          4          6
  1920:          3          7          6          6          5
  1925:          6          4          5          6          3
  1930:          7         11          9          6          6
  1935:         11          7          9         11          7
  1940:          6          4          4          2          8
  1945:          7         10          5          5          5
  1950:          8          8          9          4          5
  1955:         11         10          8         11          7
  1960:          5          5          4          9         15
  1965:         14         10         18          6         10
  1970:         10         10          6          8          9
  1975:          8         11          9         13         13
  1980:         10         15         10         11          8
  1985:         14          9          7         10         15
  1990:         16         13         11         23         18
  1995:         21         12         11         11         18
  2000:         22         13         72         53         63
  2005:         47         51         45         41         47
  2010:         57         60         48         45         55
  2015:         56         45         35         47         55
  2020:         47         35         38         49         45
  2025:         38         47         40         36         42
  2030:         35         39         32         19         35
  2035:         29         37         26         33         18
  2040:         23         28         36         22         19
  2045:         29         21         19          0         0
