ACQUISITION INFORMATION

Detector ID:  1
Detector description:
LAB4C1 MCB 1
Sample description:
Assorbimento
Real Time:  1563.199965
Live Time:  1555.999965
Acquisition start date:  31Oct2019
Acquisition start time:  17:51:58
Starting channel number:   0
Number of channels:   2048


CALIBRATION INFORMATION

ENERGY CALIBRATION
Units:
Energy Fit:  0.000000E+000  1.000000E+000  0.000000E+000
FWHM Fit:  1.000000E+000  0.000000E+000  0.000000E+000
Efficiency Terms:  0.000000  0.000000  0.000000  0.000000  0.000000
  0.000000  0.000000  0.000000  0.000000  0.000000


SPECTRUM
     0:          0          0         63        339        371
     5:        377        351        417        384        385
    10:        399        407        425        396        438
    15:        421        438        391        403        423
    20:        427        421        433        409        421
    25:        427        463        448        453        449
    30:        499        444        467        501        506
    35:        474        516        503        548        545
    40:        502        575        579        567        632
    45:        627        621        642        666        659
    50:        703        704        685        758        704
    55:        722        758        800        789        803
    60:        841        855        930        915        905
    65:        920        909        917        951        995
    70:        971       1010        991       1048        999
    75:       1012       1065       1021       1063       1084
    80:       1079       1040       1074       1070       1167
    85:       1124       1171       1145       1137       1151
    90:       1098       1193       1165       1187       1170
    95:       1156       1159       1220       1097       1169
   100:       1217       1235       1207       1167       1163
   105:       1216       1260       1175       1261       1162
   110:       1230       1152       1151       1134       1197
   115:       1201       1188       1187       1216       1195
   120:       1158       1179       1209       1273       1198
   125:       1218       1196       1266       1209       1226
   130:       1173       1211       1237       1184       1253
   135:       1160       1238       1268       1210       1186
   140:       1170       1207       1217       1168       1122
   145:       1196       1163       1189       1227       1155
   150:       1178       1235       1141       1187       1168
   155:       1165       1176       1155       1125       1157
   160:       1199       1176       1061       1127       1105
   165:       1120       1088       1144       1105       1107
   170:       1058       1153       1071       1058       1096
   175:       1075       1069       1043       1074       1048
   180:       1054       1033       1089       1077       1058
   185:       1012       1087       1043       1083       1014
   190:       1066       1041       1010       1042        986
   195:        995       1013       1005        982        986
   200:       1031       1045        936       1027        960
   205:       1017        970        931        924       1022
   210:        902        954        941        915        950
   215:        889        932        943        970        906
   220:        962        900        852        919        939
   225:        975        949        931        971        940
   230:        962        967        944        900        884
   235:        923        949       1004       1019        970
   240:        966        943        892        961        977
   245:        925       1000        954        933        925
   250:        973        944        958        946        954
   255:        986        971        957        926        978
   260:        962        931        912        921        900
   265:        909        877        910        879        880
   270:        849        932        909        902        844
   275:        813        862        893        851        822
   280:        834        821        825        817        784
   285:        770        829        764        798        779
   290:        697        741        756        744        727
   295:        794        761        739        773        777
   300:        735        755        773        734        707
   305:        728        737        789        731        731
   310:        702        718        688        701        680
   315:        728        691        687        651        645
   320:        679        674        732        665        639
   325:        658        687        664        641        621
   330:        635        658        644        647        633
   335:        582        627        566        563        600
   340:        561        583        586        566        525
   345:        539        593        567        568        571
   350:        580        551        586        556        512
   355:        558        586        535        538        531
   360:        539        575        522        527        556
   365:        503        537        480        536        525
   370:        532        513        530        479        515
   375:        499        466        501        546        505
   380:        472        526        513        506        478
   385:        455        501        485        492        466
   390:        475        509        500        460        473
   395:        461        490        491        444        434
   400:        438        456        469        502        451
   405:        432        451        458        462        465
   410:        427        470        412        455        448
   415:        445        435        418        455        453
   420:        420        455        439        410        388
   425:        414        426        399        408        383
   430:        422        399        411        397        370
   435:        354        366        390        399        433
   440:        387        409        377        368        404
   445:        406        366        379        389        397
   450:        390        393        356        340        379
   455:        345        371        378        379        361
   460:        361        406        351        381        364
   465:        345        341        364        368        339
   470:        372        354        331        371        377
   475:        336        371        364        344        340
   480:        353        363        333        359        343
   485:        315        350        349        377        348
   490:        364        331        351        381        332
   495:        337        325        324        357        354
   500:        325        327        299        302        305
   505:        315        353        305        293        302
   510:        307        297        353        339        272
   515:        269        292        325        312        293
   520:        287        299        309        289        304
   525:        288        292        307        272        279
   530:        317        292        282        306        265
   535:        307        293        267        322        285
   540:        313        273        274        317        287
   545:        272        249        257        260        273
   550:        273        243        272        273        239
   555:        279        296        260        263        278
   560:        287        307        286        268        284
   565:        283        289        249        282        273
   570:        265        253        269        295        259
   575:        274        272        297        287        301
   580:        281        246        253        283        267
   585:        283        256        257        272        295
   590:        266        264        264        254        244
   595:        265        237        266        242        242
   600:        238        251        240        248        275
   605:        266        243        237        250        243
   610:        267        275        242        292        244
   615:        222        259        237        255        255
   620:        236        234        230        225        211
   625:        225        222        234        207        237
   630:        235        227        211        238        248
   635:        205        206        209        204        211
   640:        196        215        185        187        193
   645:        203        173        210        186        189
   650:        193        178        183        191        186
   655:        177        181        177        178        164
   660:        169        159        160        166        150
   665:        159        168        188        159        166
   670:        180        150        152        164        169
   675:        157        153        155        149        142
   680:        137        131        140        139        155
   685:        168        155        171        162        143
   690:        144        152        122        133        120
   695:        138        149        134        132        120
   700:        144        144        140        130        122
   705:        153        116        119        163        113
   710:        129        142        125        145        137
   715:        128        125        138        129        138
   720:        114        131        121        139        124
   725:        153        139        118        119        125
   730:        131        122        115        125         98
   735:        118        147        116        125        123
   740:        126        118        114        109        100
   745:        115        121         95        118        103
   750:        113        121         93        107        109
   755:        100        122        119        119        112
   760:        112        111        121        107        109
   765:        104        102         95        118        113
   770:        114         95        127        111        115
   775:        117        108        111        100        115
   780:        102        105        121        102        113
   785:        112        106        104        127         96
   790:        114        123         99         89        121
   795:        112        109        101        102        110
   800:        115        111        110         96        112
   805:         94        111        108        107        113
   810:         91        114         95         98        100
   815:        113        106         94        121         94
   820:         94        103        103         99        104
   825:        117        105        117        108         99
   830:        124        131        121        121        104
   835:        123        113        106        124        118
   840:        123        135        138        124        114
   845:        131        117        116        134        154
   850:        141        141        145        136        154
   855:        156        156        138        160        133
   860:        154        163        204        170        201
   865:        175        210        210        229        233
   870:        228        224        236        277        246
   875:        302        265        288        308        308
   880:        328        316        332        325        375
   885:        353        380        392        407        430
   890:        479        427        490        484        552
   895:        550        534        525        562        608
   900:        571        620        580        659        677
   905:        682        684        725        645        773
   910:        762        735        815        792        822
   915:        805        813        833        848        915
   920:        871        878        954        945        936
   925:        847        976        894        906        905
   930:        910        847        929        863        857
   935:        812        884        889        810        863
   940:        853        810        779        808        779
   945:        791        721        710        718        686
   950:        669        632        610        636        613
   955:        579        584        527        526        490
   960:        460        500        485        459        398
   965:        400        374        357        310        311
   970:        292        311        296        268        254
   975:        237        250        199        189        170
   980:        180        138        137        149        153
   985:        133        119         95        104        107
   990:         80         91         91         68         65
   995:         62         56         43         53         51
  1000:         46         62         50         38         38
  1005:         25         35         33         40         21
  1010:         39         21         17         29         29
  1015:         20         10         22         27         26
  1020:         29         27         25         16         27
  1025:         25         22         20         28         18
  1030:         19         21         28         11         23
  1035:         25         16         21         20         25
  1040:         25         26         19         15         28
  1045:         22         18         27         19         24
  1050:         25         27         17         14         15
  1055:         19         26         23         18         28
  1060:         19         21         20         18         23
  1065:         24         21         18         16         16
  1070:         17         20         22         22         28
  1075:         23         22         14         19         24
  1080:         30         23         22         17         15
  1085:         21         18         13         21         29
  1090:         19         19         16         22         19
  1095:         23         15         21         13         23
  1100:         18         10         15         22         18
  1105:          8         19         13         15         20
  1110:         22         11         12         10         19
  1115:         13         22         24         15         12
  1120:         14         20         13         19         19
  1125:         18         13         12         26         12
  1130:         11         16         13         17         10
  1135:         21         10         20         20         17
  1140:          8         19         19         11         11
  1145:         26         12         15         18         14
  1150:         11         21         17         16         21
  1155:         25         19         15         24         13
  1160:         14         17         21          8          8
  1165:         16         20         13         11         27
  1170:         10         15         17         14         17
  1175:         21         21         18         22         20
  1180:         11         20         15         21         18
  1185:         11         14         18         13         16
  1190:         16         14         19         18         14
  1195:         16         17         13         12          9
  1200:          9         24         16         20         15
  1205:         18         17         19         17         14
  1210:         12         15         12         11         14
  1215:         16         18         18         11         18
  1220:         13         14         25         10         17
  1225:         19         18         21         19          8
  1230:         11         16         15         11         15
  1235:         22         13         30         22         19
  1240:         25          7         10         25         27
  1245:         21         15         20         15         17
  1250:         15         20         20         25         14
  1255:         17         15         12         19         20
  1260:         20         16         12         17         16
  1265:         19         13         18         11         22
  1270:         19         18         24         26         18
  1275:         17         18         21         25         35
  1280:         18         13         20         14         14
  1285:         22         22         22         17          9
  1290:         21         13         19         20         19
  1295:         19         15          8         19         23
  1300:         16         14         11         17         16
  1305:         10         20         19         11         22
  1310:         15         18         12         18         20
  1315:         25         17         17         11          9
  1320:         15         18          8         16         22
  1325:         21         19         18         23         16
  1330:         12         11         17         16         20
  1335:         23         14         21         13         15
  1340:         24          9         17         20         18
  1345:         23         17         17         14         15
  1350:         17         21         18         15         16
  1355:         18         20         18         13         17
  1360:         20         18         11         18         16
  1365:         19         16         10         12         13
  1370:         13          5         19         14         11
  1375:         14         18          9         16         13
  1380:         11         16          8         13         16
  1385:         12         13         20         10          9
  1390:         20         18         11         10         13
  1395:         13         11         15         12         10
  1400:         17         15          6         17         13
  1405:         16         19         15         11          9
  1410:         14         12         20         17         15
  1415:         15         16         13         12         11
  1420:         11         17          8         17          8
  1425:          8          6          7         15         12
  1430:         16          9          7         14         10
  1435:         12          5         13          8         12
  1440:          6         12         12         14          5
  1445:          9         15         11         13         11
  1450:         10         16         17         10          9
  1455:         13         16         11          8         12
  1460:          8          7          9         13          7
  1465:         10         10         13          8          6
  1470:          6         12         10          8          7
  1475:         14          6         16         12          8
  1480:         11         16         15         10         10
  1485:         13          7         12          6          8
  1490:         11         10         11         13          8
  1495:         15         13         20         10         13
  1500:          9          8          9         11          7
  1505:         13         10         11         17          7
  1510:         16         10         13         16          9
  1515:         13         14          6         15         12
  1520:         14         14         14         11         12
  1525:         10         10         16         14         12
  1530:          7         10         13          8          9
  1535:         12         11          9          6         14
  1540:         15         15          9         12         10
  1545:         16         16         13         10          9
  1550:         11         12         14         15         10
  1555:         10         12         17         11          6
  1560:          7         17          9         15          8
  1565:          8         25         13         14         16
  1570:         15          8         10          8         14
  1575:         12          8         16         10          9
  1580:         11         11         12         14         17
  1585:         19          9         22         13         12
  1590:          8         15         14         17         11
  1595:         15         19         10          8          7
  1600:         12         13          9         10         11
  1605:          9         12         15         17          5
  1610:          5         11         10         13         14
  1615:         10          8         13          9         12
  1620:         13         15         12         11          6
  1625:         10         10          6         15         10
  1630:         11          8         12         11         14
  1635:         11         11         10          6          6
  1640:         12         15         12         11          7
  1645:         16         10          9         11          8
  1650:          9          8         15         12         14
  1655:         12         12         10          4          3
  1660:          6         11          9         10         11
  1665:         13          9         15         11          7
  1670:         10          8         11          9         10
  1675:          7          5          7         11          5
  1680:          7         13         11         11          6
  1685:          7          8          9         12          9
  1690:          9          6         13         11          8
  1695:          8         15          6          9          9
  1700:         13          7          8         11         14
  1705:          5          6         15         11         10
  1710:          7          7          7         10         10
  1715:         10         11         12         10          4
  1720:          8          6          9          7          7
  1725:          6          6          7          9          4
  1730:          7          7          9         11          9
  1735:         10          2          5         11          8
  1740:          8          6          6          7          3
  1745:          7          9          5          5          2
  1750:          6          1         10          8         10
  1755:          9          7         10          6         14
  1760:         10          6         11          6          8
  1765:          5          5          5         11          5
  1770:          8          4          7          4          6
  1775:          7          3          8          9          7
  1780:         12          2          4          6          8
  1785:          7          7          6         11          9
  1790:          6          5          9         10          3
  1795:          5          8          5          6         10
  1800:          7          5          1          5          0
  1805:          2          8          4          4         10
  1810:          5         11          5          8          1
  1815:          3          4          7          4          6
  1820:          5          9          5          9          9
  1825:         10          4          2          5          6
  1830:          5          6          5          9          4
  1835:          9          3          6          6          3
  1840:          3          4          6          6          3
  1845:          4          6          5          2         10
  1850:          5          2          4          9          3
  1855:         10          4          3         10          3
  1860:          3          4          6          7          7
  1865:          1          8          3          8          8
  1870:          8          5          7          6          7
  1875:          4          4          6          3          2
  1880:          5          4          7          8          4
  1885:          6          5          7          7          7
  1890:          2          6          4          3          6
  1895:          6         13          3          7          4
  1900:          3          3          4          4          9
  1905:          9          6          2          5         12
  1910:          5          8          5          3          7
  1915:          9          9          2          9          4
  1920:          6          4          6          7         11
  1925:          0          6          4          6          7
  1930:         10          7          5          6          9
  1935:          6         11          7          8          4
  1940:          4          4          9          5          9
  1945:         11          4         10          7         11
  1950:         17          6         13          6         13
  1955:          6          9          4          6         13
  1960:         11          7         15         10          7
  1965:          7          8          7          8         21
  1970:         16          7         14         12          9
  1975:         12         11         15         13         16
  1980:         10         13         13         16         17
  1985:          8         16         17         19          8
  1990:         11         15         16         21         11
  1995:         12         10         11         14         13
  2000:         16         20         57         59         52
  2005:         53         51         59         48         47
  2010:         45         49         59         48         47
  2015:         42         49         46         51         38
  2020:         40         45         44         37         45
  2025:         41         35         32         47         44
  2030:         39         35         35         33         33
  2035:         32         25         36         33         34
  2040:         25         28         26         25         26
  2045:         26         32         17          0         0
