ACQUISITION INFORMATION

Detector ID:  1
Detector description:
LAB4C1 MCB 1
Sample description:
Assorbimento
Real Time:  1561.919965
Live Time:  1555.999965
Acquisition start date:  31Oct2019
Acquisition start time:  16:56:34
Starting channel number:   0
Number of channels:   2048


CALIBRATION INFORMATION

ENERGY CALIBRATION
Units:
Energy Fit:  0.000000E+000  1.000000E+000  0.000000E+000
FWHM Fit:  1.000000E+000  0.000000E+000  0.000000E+000
Efficiency Terms:  0.000000  0.000000  0.000000  0.000000  0.000000
  0.000000  0.000000  0.000000  0.000000  0.000000


SPECTRUM
     0:          0          0         35        312        299
     5:        306        328        326        331        326
    10:        313        362        332        334        341
    15:        306        350        372        345        342
    20:        347        354        380        390        339
    25:        371        369        377        378        364
    30:        405        411        406        415        413
    35:        472        414        446        450        464
    40:        497        504        519        513        606
    45:        589        562        553        582        625
    50:        583        680        663        714        681
    55:        684        714        763        747        746
    60:        770        780        815        767        866
    65:        842        845        841        847        862
    70:        945        923        928        952        960
    75:        947       1003        972        984       1047
    80:       1062       1080       1068       1062       1051
    85:       1017       1141       1083       1085       1045
    90:       1142       1077       1151       1142       1145
    95:       1096       1133       1132       1146       1093
   100:       1089       1176       1155       1134       1115
   105:       1132       1140       1117       1175       1150
   110:       1105       1158       1172       1130       1141
   115:       1133       1158       1182       1153       1127
   120:       1111       1152       1115       1085       1142
   125:       1089       1204       1150       1081       1108
   130:       1181       1202       1114       1130       1147
   135:       1132       1095       1184       1130       1147
   140:       1133       1063       1165       1148       1057
   145:       1034       1060       1043       1110       1080
   150:       1043       1080       1004       1084       1049
   155:       1021       1058       1037       1113       1032
   160:       1021       1088       1018       1046       1003
   165:       1015       1004       1002       1010       1003
   170:        989        955        974        972        967
   175:        940        932       1042        940       1001
   180:        924        933        922        960        944
   185:        899        934        909        922        891
   190:        947        916        916        918        875
   195:        887        831        876        891        923
   200:        919        894        870        909        835
   205:        828        852        784        842        900
   210:        827        844        813        782        821
   215:        833        857        806        919        842
   220:        835        878        784        795        795
   225:        735        773        795        803        813
   230:        825        744        783        785        754
   235:        801        822        809        791        782
   240:        809        805        784        796        875
   245:        779        801        774        775        797
   250:        766        740        787        785        747
   255:        776        792        736        722        807
   260:        715        792        756        692        709
   265:        732        716        693        669        685
   270:        698        723        692        698        659
   275:        649        609        695        619        611
   280:        625        626        647        621        651
   285:        626        612        632        653        593
   290:        615        617        569        581        623
   295:        618        586        615        569        552
   300:        579        556        573        561        630
   305:        572        555        527        556        539
   310:        556        542        506        560        543
   315:        532        562        548        563        524
   320:        551        564        561        489        558
   325:        542        507        496        504        535
   330:        518        509        501        468        442
   335:        476        451        504        473        476
   340:        460        468        462        454        450
   345:        450        458        455        407        436
   350:        416        416        427        452        438
   355:        365        403        422        405        409
   360:        370        414        398        391        393
   365:        388        413        362        399        367
   370:        357        397        408        370        376
   375:        392        399        394        384        392
   380:        373        367        396        369        364
   385:        366        351        360        360        367
   390:        356        361        383        383        380
   395:        380        325        354        331        353
   400:        364        336        349        348        351
   405:        347        336        325        362        341
   410:        319        311        338        364        314
   415:        341        348        298        337        295
   420:        331        305        327        296        345
   425:        294        305        305        314        301
   430:        314        313        308        283        307
   435:        293        310        268        316        289
   440:        248        290        266        298        289
   445:        287        317        274        278        324
   450:        292        296        292        301        283
   455:        298        291        289        256        272
   460:        288        275        249        293        303
   465:        304        290        281        295        270
   470:        289        269        283        311        300
   475:        288        283        290        265        285
   480:        254        250        244        275        262
   485:        252        296        292        237        263
   490:        268        268        261        257        263
   495:        252        246        275        242        278
   500:        244        225        263        242        270
   505:        266        235        235        228        230
   510:        235        252        230        205        244
   515:        227        217        223        234        215
   520:        214        212        213        188        219
   525:        212        245        223        235        244
   530:        226        230        207        199        240
   535:        216        177        222        219        212
   540:        221        220        217        200        221
   545:        219        210        212        205        216
   550:        206        201        208        190        203
   555:        202        214        213        201        218
   560:        202        210        239        219        182
   565:        182        221        231        203        196
   570:        231        195        195        209        193
   575:        213        188        217        186        209
   580:        199        186        195        172        189
   585:        192        184        215        192        224
   590:        189        195        185        189        197
   595:        201        170        207        173        208
   600:        214        203        200        187        203
   605:        164        181        192        194        190
   610:        174        172        210        202        183
   615:        196        199        173        190        184
   620:        196        178        203        192        187
   625:        213        187        183        155        175
   630:        193        147        174        181        167
   635:        151        161        178        168        161
   640:        161        162        176        181        174
   645:        170        153        188        167        173
   650:        146        164        158        120        154
   655:        143        174        136        123        156
   660:        159        157        143        143        154
   665:        132        143        140        152        118
   670:        131        148        131        162        135
   675:        134        146        161        138        146
   680:        142        137        146        145        144
   685:        142        127        122        135        141
   690:        157        125        129        155        143
   695:        136        139        122        136        118
   700:        112        122        126        134        133
   705:        146        127        127        134        121
   710:        113        141        115        159        142
   715:        114        132        120        126        122
   720:        128        128        127        137        102
   725:        117        108        110        128        113
   730:        133        123        123        121        126
   735:         98        106        110        100        110
   740:        117        105        118        133        135
   745:        118        126        105        123        118
   750:        119        117        107        113        109
   755:        111        115        124        128        113
   760:        113        130        107        109         98
   765:        114        110        132        114        104
   770:        118        106        115        105         96
   775:        101        104         81        107        106
   780:        111        122        106         99        107
   785:        121        114        111        110        108
   790:        109        105        102        103        108
   795:        122        123        111        102         97
   800:        114         96        109        117        117
   805:         97        116         90         82        104
   810:        102        116        122        121        115
   815:        118        106         96         98        115
   820:         99        122        102        126         95
   825:        108        116        104        105        117
   830:        109        109        127         98        114
   835:        110        119        115        104        122
   840:        129        128        116        104        116
   845:        130        117        135        131        111
   850:        112        107        125        129        138
   855:        112        131        136        122        137
   860:        126        141        127        150        130
   865:        136        169        143        162        149
   870:        174        160        163        148        167
   875:        165        153        176        153        180
   880:        193        206        191        193        190
   885:        187        211        228        214        244
   890:        232        269        284        249        274
   895:        245        288        321        300        327
   900:        297        329        317        330        329
   905:        348        348        297        355        369
   910:        350        352        386        398        394
   915:        392        405        419        398        447
   920:        414        431        383        453        470
   925:        454        451        398        415        428
   930:        428        387        423        445        409
   935:        387        403        406        404        405
   940:        394        377        381        365        388
   945:        328        330        375        338        338
   950:        349        309        286        303        275
   955:        291        254        243        261        245
   960:        263        225        235        219        195
   965:        179        178        179        177        164
   970:        154        155        145        135        123
   975:        114        116        104        101         94
   980:         96         99         80         69         84
   985:         67         57         68         45         49
   990:         48         38         38         44         36
   995:         41         41         37         35         42
  1000:         33         34         28         23         26
  1005:         29         33         23         27         25
  1010:         24         25         20         28         22
  1015:         20         28         27         21         23
  1020:         18         26         17         17         16
  1025:         18         22         24         21         19
  1030:         22         24         21         22         19
  1035:         22         18         17         17         21
  1040:         23         19         22         31         14
  1045:         14         18         29         17         18
  1050:         24         19         23         18         16
  1055:         18         29         19         24         17
  1060:         17         18         29         15         16
  1065:         26         24         12         13         13
  1070:         15         24         14         20         26
  1075:         19         25         14         19         14
  1080:         10         18         13         22         21
  1085:         19         22         23         23         19
  1090:         12         20         14         16         16
  1095:         15         33         17         28         21
  1100:         22         20         25         15         11
  1105:         17         18         24         20         16
  1110:         16         20         25         15         21
  1115:         18         19         23         17         17
  1120:         16         14         17         10         19
  1125:         16         19         14         13         25
  1130:         10         12         15         22         14
  1135:         16         16         12         16         14
  1140:         14         13         19         16         16
  1145:         16         16         16         19         19
  1150:         25         16         14         16         22
  1155:         17         16         18         15         19
  1160:         13         17         15         18         12
  1165:         27         10         13         21         12
  1170:         11         20         13         15         17
  1175:         16         17         14         16         22
  1180:         11         11         14         13          9
  1185:         18         18         21         14         14
  1190:          8         19         16         13         21
  1195:         11         18         13         12         16
  1200:         17         19          4         16         19
  1205:         11         15         14         15         15
  1210:         18         15         23         22          8
  1215:         20         15         14         17         16
  1220:         15         13         14         18         10
  1225:         19         20         15          8         19
  1230:         17         17         12         13         18
  1235:         13         13          7         11         15
  1240:         13         15         12         15         12
  1245:         16         21         23         20         14
  1250:         15         14         19         14         20
  1255:          9         23         17         19         24
  1260:         17         15         12         17         15
  1265:         15         13         14         20         15
  1270:         11         10         20         16         16
  1275:         16         15         21         20         17
  1280:         16         12         15         18         16
  1285:         18         20         19         15         16
  1290:         18         24         23         11         25
  1295:         11         24          9         11         18
  1300:         12         15         18          9         20
  1305:         17         19         17         16         15
  1310:         16         14         22         15         20
  1315:         16         15         17         19         11
  1320:         21         15         16         14         15
  1325:         11         23         12         15         15
  1330:         20         15         13         16         13
  1335:         17         12         15         13         18
  1340:         15         15         18         17         14
  1345:         16         14         16         15         19
  1350:         11         14         17         14         15
  1355:         19         10         10         13         19
  1360:         20         24         16         11          7
  1365:         23         14         12         23         22
  1370:         15         11         13          8          7
  1375:         11         22         13          5          9
  1380:         13         12         13         10         12
  1385:         10         15         13         19         11
  1390:         19         15         16         15         15
  1395:         15          6         14         13         12
  1400:         13         13         18         12          5
  1405:         14         10         11         10         17
  1410:         13         16          7         14         16
  1415:         12         11          7         10          8
  1420:         15         15         17          9         11
  1425:         14         16          6         14          9
  1430:         13          8         10         13          8
  1435:         12         16         12         18         13
  1440:          7         20         18         11          8
  1445:          9          8          9         10         14
  1450:          9          8          8         14          7
  1455:          6          8         16         15          6
  1460:          9          7         12         14         10
  1465:          9          9          9          7          9
  1470:         19          8         11         10         10
  1475:         12          6         13         20         14
  1480:         12         10         17         11          6
  1485:          7          9         12         10          8
  1490:         13         16         15         12          7
  1495:         15         14          9         15          6
  1500:         13         11         16          8          7
  1505:          7         13         10         16          7
  1510:          8         13         14          6          4
  1515:         10         10         17         11          6
  1520:         14          9         10         22         21
  1525:          9         10          9         16         13
  1530:         12          8         10         16         12
  1535:          4         17         12         15         10
  1540:         21         14         11         15         13
  1545:         11         15         13          6         15
  1550:         10         15          9         13         11
  1555:         14         14         14         11         19
  1560:         11         18          4         18         13
  1565:         10         16         13         10          9
  1570:         14         15         10          9         12
  1575:         18          9         12          9          5
  1580:         16          5         11         16         15
  1585:         14         18         16         15         16
  1590:          9         17         12         19         12
  1595:          8         16         11         14         14
  1600:         19          8         11         11         13
  1605:         15         11         10          9          8
  1610:          6          9         13          8         17
  1615:         14         19         13         11         13
  1620:         16         16         12          6         12
  1625:         12         12          9         12          8
  1630:          9         13         13         12          9
  1635:         13         10         17         11         14
  1640:          9         14         13         13         14
  1645:         10         18         14          7         15
  1650:          9          9          8          3          6
  1655:          8          8          7         16         11
  1660:          7          9          8          8          5
  1665:          4         11         10          7          7
  1670:          8         12         12         10          6
  1675:         10          5         10          6          9
  1680:          9         14          8          6         10
  1685:          8         12          8          9         14
  1690:         12         12          8         11          8
  1695:          4         10         10          8         12
  1700:          5          3          5          9         11
  1705:          7          9          9         11          8
  1710:          8          5         11          6          7
  1715:          7          6          7          9          4
  1720:         11          4          4          6          6
  1725:          6         10          8         10          4
  1730:          8          3         12          3          6
  1735:          8          7          4          3          3
  1740:          9         15          8          7          6
  1745:         12         14          5          7         11
  1750:         10          6          5          6          9
  1755:          4          6          8          7          5
  1760:          8          8          7          6          7
  1765:         13          7          8          8          5
  1770:         10          6         10          1          5
  1775:          6          8          7         10          4
  1780:          6          6          7          7          5
  1785:          6          9          5          4          5
  1790:          6          6         10          5          5
  1795:          7          8          3          6          3
  1800:          5          3          8          7          8
  1805:          9          9          4          3          6
  1810:          7          6          3          1          7
  1815:          2          2          4          8          6
  1820:          4          9          3          4          6
  1825:          6          5          3          7          3
  1830:          8          6          4          6          5
  1835:          5          3          9         10          4
  1840:          6          7          4          8          8
  1845:          7          4          1          5          8
  1850:          6          4          4          7          3
  1855:          3          4          3          3          5
  1860:          3          3          6          5          1
  1865:          4          4          3          5          5
  1870:          3          8          6          5          5
  1875:          5          4          5          5          5
  1880:          3          6          8          4          3
  1885:          9          7          7          4          6
  1890:          6          6          3          9          6
  1895:          9          6          5          6          1
  1900:          2          4          6          6          7
  1905:          6          5          7          5          6
  1910:          6          5          7         10          8
  1915:          8          6          7          5         10
  1920:          5          5          6          5          3
  1925:          6          5          2          4          5
  1930:          5          7          6          5          3
  1935:         10         11          5          9          8
  1940:          6          3          3          3         10
  1945:          7          7          5         12          8
  1950:          2          1         10          4          7
  1955:          5         11         10         10         12
  1960:         11         11          9          8         12
  1965:          5         12          8          8          5
  1970:          8         10         12         16          8
  1975:         16         12         13          6         14
  1980:         13         13         11         12         14
  1985:         15         12         14         17         18
  1990:          9         14         11         10         14
  1995:         18         17         17         16         21
  2000:         13         25         55         51         63
  2005:         58         47         51         53         48
  2010:         45         50         62         41         53
  2015:         58         48         42         44         47
  2020:         42         32         45         36         34
  2025:         49         47         39         39         33
  2030:         35         45         42         43         24
  2035:         42         34         37         27         28
  2040:         22         28         26         26         24
  2045:         25         23         13         0          0
