ACQUISITION INFORMATION

Detector ID:  1
Detector description:
LAB4C1 MCB 1
Sample description:
Assorbimento
Real Time:  3251.739927
Live Time:  3241.439928
Acquisition start date:  31Oct2019
Acquisition start time:  15:04:10
Starting channel number:   0
Number of channels:   2048


CALIBRATION INFORMATION

ENERGY CALIBRATION
Units:
Energy Fit:  0.000000E+000  1.000000E+000  0.000000E+000
FWHM Fit:  1.000000E+000  0.000000E+000  0.000000E+000
Efficiency Terms:  0.000000  0.000000  0.000000  0.000000  0.000000
  0.000000  0.000000  0.000000  0.000000  0.000000


SPECTRUM
     0:          0          0         75        496        587
     5:        551        524        557        556        569
    10:        587        525        598        625        595
    15:        595        572        605        553        596
    20:        573        616        642        601        650
    25:        623        652        668        653        653
    30:        703        721        725        714        767
    35:        764        790        766        792        859
    40:        843        852        892        970        980
    45:       1022       1031       1061       1145       1123
    50:       1113       1173       1192       1180       1274
    55:       1273       1315       1309       1354       1341
    60:       1434       1455       1469       1529       1513
    65:       1495       1588       1626       1620       1663
    70:       1688       1680       1697       1762       1764
    75:       1834       1849       1890       1862       1853
    80:       1962       1946       1905       1899       2047
    85:       2023       2017       2044       2098       2038
    90:       2026       2146       2131       2074       2048
    95:       2126       2101       2043       2146       2062
   100:       2055       2082       2142       2152       2174
   105:       2159       2135       2133       2206       2206
   110:       2128       2200       2138       2181       2166
   115:       2093       2065       2120       2107       2087
   120:       2123       2041       2101       2100       2084
   125:       2059       2073       2065       2110       2163
   130:       2073       2085       2109       2131       2089
   135:       2119       2065       2020       1993       2007
   140:       2039       2048       2049       2088       1991
   145:       2005       2041       1962       1971       2037
   150:       1880       1949       1957       1932       1905
   155:       1861       1931       1966       1940       1854
   160:       1913       1958       1869       1956       1792
   165:       1876       1844       1828       1791       1882
   170:       1785       1752       1783       1829       1710
   175:       1799       1736       1784       1701       1659
   180:       1696       1711       1708       1664       1669
   185:       1667       1719       1628       1723       1638
   190:       1652       1591       1613       1582       1616
   195:       1651       1654       1608       1613       1549
   200:       1570       1538       1523       1506       1562
   205:       1560       1451       1481       1514       1507
   210:       1550       1505       1521       1464       1422
   215:       1547       1460       1462       1406       1466
   220:       1473       1469       1491       1478       1385
   225:       1421       1393       1376       1396       1428
   230:       1332       1411       1330       1453       1425
   235:       1385       1405       1325       1366       1302
   240:       1466       1326       1385       1348       1281
   245:       1328       1310       1317       1296       1383
   250:       1340       1370       1349       1343       1282
   255:       1292       1251       1222       1252       1332
   260:       1197       1239       1244       1257       1195
   265:       1219       1215       1221       1202       1193
   270:       1171       1157       1162       1091       1197
   275:       1157       1129       1136       1062       1070
   280:       1066       1102       1098       1100       1126
   285:       1110       1029       1070       1023        997
   290:       1038       1000       1040       1056       1025
   295:       1008       1017       1008       1007        977
   300:       1030       1005        986        972       1020
   305:        965        941        954        955       1000
   310:        977       1035        975        999        885
   315:        939        945        922        945        895
   320:        863        896        916        902        923
   325:        821        863        869        837        904
   330:        818        810        837        838        811
   335:        831        804        854        792        807
   340:        800        711        745        777        737
   345:        741        749        711        784        704
   350:        768        692        716        730        729
   355:        724        689        662        677        675
   360:        668        624        602        697        656
   365:        684        703        658        668        626
   370:        654        649        650        580        663
   375:        584        620        618        616        637
   380:        621        594        583        635        641
   385:        588        598        614        603        604
   390:        582        564        576        560        540
   395:        555        615        593        556        563
   400:        567        565        565        550        591
   405:        576        529        588        517        598
   410:        523        544        489        510        514
   415:        523        565        544        517        516
   420:        479        540        523        510        504
   425:        486        525        511        498        496
   430:        447        481        472        464        499
   435:        448        443        416        477        445
   440:        476        468        480        443        492
   445:        470        445        465        448        430
   450:        445        477        453        468        422
   455:        441        436        405        465        479
   460:        441        439        480        439        438
   465:        460        437        443        443        447
   470:        442        435        423        430        417
   475:        449        413        465        429        410
   480:        461        446        435        473        459
   485:        443        409        486        440        411
   490:        441        416        411        410        397
   495:        409        375        429        395        403
   500:        369        384        396        387        430
   505:        394        377        404        390        413
   510:        417        409        377        391        356
   515:        357        350        371        356        354
   520:        337        351        363        342        335
   525:        337        373        369        330        346
   530:        334        328        340        343        374
   535:        348        311        305        374        353
   540:        299        321        343        342        352
   545:        334        330        304        326        331
   550:        298        305        325        311        339
   555:        323        334        319        292        304
   560:        302        324        315        322        328
   565:        309        298        288        288        268
   570:        319        295        315        288        304
   575:        307        336        331        318        275
   580:        300        302        341        277        318
   585:        342        263        323        321        303
   590:        313        309        284        345        292
   595:        306        287        297        281        312
   600:        271        297        274        306        289
   605:        288        277        296        291        282
   610:        315        267        282        261        247
   615:        288        284        279        250        268
   620:        284        280        250        256        286
   625:        294        268        263        279        266
   630:        271        233        259        289        259
   635:        281        267        264        280        280
   640:        252        275        243        267        219
   645:        267        252        260        251        214
   650:        253        243        263        252        247
   655:        234        233        231        217        246
   660:        220        223        249        242        261
   665:        245        232        256        210        240
   670:        213        225        227        222        262
   675:        212        218        221        249        203
   680:        220        213        221        235        209
   685:        223        208        210        222        231
   690:        231        219        209        226        222
   695:        243        233        205        215        218
   700:        213        210        219        210        208
   705:        206        204        207        191        196
   710:        204        212        186        200        211
   715:        199        212        194        223        212
   720:        220        197        201        201        219
   725:        204        178        180        195        218
   730:        194        209        208        201        219
   735:        198        203        201        209        205
   740:        183        175        179        164        196
   745:        202        185        183        179        171
   750:        184        185        203        196        201
   755:        187        178        202        166        190
   760:        190        177        162        201        204
   765:        187        189        173        182        178
   770:        170        184        183        172        174
   775:        204        196        159        201        196
   780:        171        184        173        178        182
   785:        176        181        157        185        196
   790:        183        199        175        186        192
   795:        188        194        209        188        178
   800:        193        185        173        168        186
   805:        168        197        192        175        197
   810:        185        164        185        183        175
   815:        172        207        162        200        203
   820:        221        192        186        196        156
   825:        194        200        201        186        181
   830:        188        199        208        207        208
   835:        179        191        195        188        178
   840:        201        183        191        199        220
   845:        213        199        178        214        212
   850:        171        192        235        193        214
   855:        154        206        189        188        212
   860:        215        194        193        180        202
   865:        220        199        176        220        216
   870:        195        212        227        209        213
   875:        219        217        237        215        208
   880:        216        188        241        239        252
   885:        228        266        232        284        263
   890:        261        275        275        264        287
   895:        272        280        304        312        289
   900:        298        311        317        357        321
   905:        380        371        358        326        349
   910:        385        361        355        382        386
   915:        383        379        420        384        445
   920:        438        426        378        426        414
   925:        393        434        439        401        451
   930:        425        424        430        449        383
   935:        441        388        405        398        439
   940:        386        408        378        405        357
   945:        357        378        361        355        355
   950:        362        311        312        309        316
   955:        310        300        301        278        289
   960:        270        265        257        217        226
   965:        225        205        210        219        194
   970:        180        138        169        180        161
   975:        127        141        161        132        127
   980:        132        103        109         91         92
   985:        106         83         93        108         81
   990:         81         71         76         88         61
   995:         79         65         68         59         63
  1000:         64         66         55         54         55
  1005:         46         52         49         49         41
  1010:         53         40         53         47         41
  1015:         50         43         49         43         47
  1020:         42         44         45         39         38
  1025:         36         43         39         45         44
  1030:         53         38         45         32         40
  1035:         40         31         38         47         31
  1040:         43         42         45         36         43
  1045:         34         50         31         39         38
  1050:         39         43         48         47         42
  1055:         31         42         43         47         40
  1060:         33         33         32         37         36
  1065:         44         39         39         43         45
  1070:         34         36         33         40         35
  1075:         30         41         43         42         24
  1080:         41         48         38         42         60
  1085:         35         47         41         36         27
  1090:         37         37         34         43         37
  1095:         30         42         26         42         40
  1100:         39         34         46         30         42
  1105:         36         45         32         41         45
  1110:         37         28         27         31         33
  1115:         44         36         42         43         40
  1120:         38         29         38         47         30
  1125:         31         34         35         31         30
  1130:         32         31         32         33         30
  1135:         40         37         34         27         34
  1140:         37         35         41         36         45
  1145:         31         34         27         44         35
  1150:         25         28         20         30         28
  1155:         32         24         33         29         39
  1160:         35         39         25         38         30
  1165:         32         34         34         33         37
  1170:         37         27         23         30         26
  1175:         32         25         28         29         32
  1180:         36         31         39         24         31
  1185:         30         31         31         32         44
  1190:         28         23         26         27         25
  1195:         19         23         35         26         39
  1200:         32         37         26         39         24
  1205:         39         32         29         31         22
  1210:         30         21         29         24         34
  1215:         30         42         31         30         42
  1220:         32         27         25         27         36
  1225:         32         33         35         25         22
  1230:         32         34         22         37         26
  1235:         32         34         26         38         29
  1240:         32         37         47         39         21
  1245:         35         37         35         38         21
  1250:         27         31         30         27         41
  1255:         35         30         28         35         35
  1260:         40         37         27         31         44
  1265:         37         36         39         40         20
  1270:         38         30         31         27         31
  1275:         32         52         32         43         31
  1280:         31         36         31         20         40
  1285:         44         37         38         31         32
  1290:         21         36         35         40         37
  1295:         31         33         34         35         28
  1300:         24         28         29         33         37
  1305:         31         37         36         34         30
  1310:         39         33         29         37         21
  1315:         33         32         26         33         35
  1320:         31         28         35         25         36
  1325:         37         40         30         28         35
  1330:         30         25         26         35         33
  1335:         33         34         34         37         26
  1340:         21         32         25         26         31
  1345:         39         24         26         33         39
  1350:         26         31         23         36         26
  1355:         35         41         31         34         39
  1360:         26         29         23         35         44
  1365:         32         29         27         33         23
  1370:         35         31         30         32         36
  1375:         31         33         25         26         43
  1380:         30         29         30         23         31
  1385:         32         26         27         32         31
  1390:         29         29         23         25         23
  1395:         30         28         21         34         25
  1400:         25         29         26         30         15
  1405:         23         27         28         21         19
  1410:         31         27         35         30         31
  1415:         28         17         29         19         20
  1420:         28         25         30         24         23
  1425:         24         23         25         30         20
  1430:         29         23         26         18         21
  1435:         26         27         24         23         26
  1440:          9         23         19         25         28
  1445:         22         22         29         25         24
  1450:         25         18         23         14         26
  1455:         29         24         24         28         17
  1460:         24         18         14         23         21
  1465:         26         24         26         21         25
  1470:         22         19         13         21         27
  1475:         24         22         28         23         24
  1480:         20         18         14         21         18
  1485:         22         24         19         23         25
  1490:         21         26         27         22         23
  1495:         21         15         24         25         22
  1500:         24         24         22         17         19
  1505:         21         20         23         24         24
  1510:         16         18         21         25         27
  1515:         26         15         21         16         29
  1520:         26         27         23         26         16
  1525:         28         26         21         19         22
  1530:         20         28         19         28         16
  1535:         32         31         29         19         27
  1540:         27         22         23         16         19
  1545:         19         21         18         31         25
  1550:         22         28         21         22         22
  1555:         19         33         18         34         32
  1560:         17         28         24         28         17
  1565:         36         29         19         21         29
  1570:         19         20         24         18         15
  1575:         25         23         30         25         25
  1580:         22         20         37         32         26
  1585:         26         27         25         22         25
  1590:         25         23         26         18         22
  1595:         19         16         20         25         25
  1600:         28         25         30         25         21
  1605:         20         17         27         24         28
  1610:         13         18         18         26         34
  1615:         30         18         25         20         34
  1620:         15         26         26         23         23
  1625:         23         19         25         26         24
  1630:         17         26         31         19         26
  1635:         20         19         26         25         26
  1640:         25         19         25         28         23
  1645:         19         15         27         25         25
  1650:         14         20         14         20         14
  1655:         18         31         23         26         19
  1660:         25         20         22         21         24
  1665:         23         22         18         21         18
  1670:         24         20         19         19         16
  1675:         20         20         16         19         19
  1680:         21         21         19         20         25
  1685:         14         14         17         28         16
  1690:         25         17         16         29         17
  1695:         17         14         25         18         11
  1700:         20         20         10         19         12
  1705:         18         16         19         14         15
  1710:         23         17         16         17         23
  1715:         15         17         12         16         15
  1720:         14         16         18         18         15
  1725:         23          8          9         17         14
  1730:         15         19         13         20         20
  1735:         10         19         15         19         21
  1740:         15         13          9         15         11
  1745:         12         19         21         10         22
  1750:         18         21         14         18         22
  1755:         11         21         16         15         20
  1760:         14         14         17          8         16
  1765:         15         12         12         19         11
  1770:         19         11         18         20         15
  1775:         13         15         13         13         11
  1780:         12         14         12         14         15
  1785:         12         12          9         18         12
  1790:          9          9          9         13          4
  1795:          8         15         15          8          9
  1800:         12         16         16         15         17
  1805:         12         13         16         10          9
  1810:         16         11          5         11          8
  1815:         11         13         14         10         13
  1820:         12         13          8          7         10
  1825:         13         10         11         12          8
  1830:         10         15         12         16         10
  1835:         11          9         12         14         11
  1840:         12         11          5          8         12
  1845:         13          9          9         13          8
  1850:         11          9         12         13         10
  1855:         17         14          8          5         12
  1860:         10          7         11          6          8
  1865:          3         13         13          9          9
  1870:         10         16         13         16         14
  1875:          5          5          9         10          7
  1880:         13         10         10         13          9
  1885:         11          8          9         15          6
  1890:         16          7         12          8          6
  1895:          7         14         15         15         11
  1900:          8          7         13          7          0
  1905:         10         19         10         11          9
  1910:          8         10          9         11          9
  1915:         10          9         10         15         16
  1920:         12          8         10         10         14
  1925:         13          8         14          8          8
  1930:          8         14         14         10         15
  1935:         10         11         11         14         16
  1940:          9         16         12         17         14
  1945:         11          8         17         20         14
  1950:         18         16          9         16         17
  1955:         16         12         17         12         11
  1960:         14         20         18         21         12
  1965:         20         14         11         19         13
  1970:         20         21         25         25         22
  1975:         14         20         23         21         16
  1980:         18         14         30         32         19
  1985:         13         21         31         22         29
  1990:         21         33         25         30         25
  1995:         28         23         25         28         29
  2000:         29         30        107        127        111
  2005:        115        118        126        116        108
  2010:        101        107         90         95        136
  2015:        105         97        106         90        110
  2020:         86         93         85        102         91
  2025:         90         82         82         93         75
  2030:         76         92         85         65         71
  2035:         64         63         70         67         75
  2040:         56         71         61         64         56
  2045:         63         63         37
