ACQUISITION INFORMATION

Detector ID:  1
Detector description:
LAB4C1 MCB 1
Sample description:
Assorbimento
Real Time:  1562.519965
Live Time:  1555.999965
Acquisition start date:  31Oct2019
Acquisition start time:  17:23:25
Starting channel number:   0
Number of channels:   2048


CALIBRATION INFORMATION

ENERGY CALIBRATION
Units:
Energy Fit:  0.000000E+000  1.000000E+000  0.000000E+000
FWHM Fit:  1.000000E+000  0.000000E+000  0.000000E+000
Efficiency Terms:  0.000000  0.000000  0.000000  0.000000  0.000000
  0.000000  0.000000  0.000000  0.000000  0.000000


SPECTRUM
     0:          0          0         64        351        348
     5:        329        351        348        387        401
    10:        377        378        371        370        371
    15:        352        409        393        384        396
    20:        419        401        383        409        405
    25:        408        429        423        399        477
    30:        431        426        440        473        501
    35:        466        488        489        498        520
    40:        535        558        544        593        584
    45:        564        594        627        655        634
    50:        672        669        722        684        737
    55:        687        737        779        819        814
    60:        815        830        798        822        897
    65:        948        870        884        937        946
    70:        935        963        991        993       1032
    75:       1029       1024        999       1075       1072
    80:       1030       1059       1127       1179       1114
    85:       1160       1159       1206       1070       1093
    90:       1125       1190       1135       1197       1136
    95:       1177       1142       1179       1221       1174
   100:       1186       1165       1156       1216       1182
   105:       1180       1123       1151       1179       1169
   110:       1237       1136       1223       1138       1188
   115:       1168       1231       1198       1251       1230
   120:       1115       1147       1237       1219       1152
   125:       1209       1212       1200       1189       1248
   130:       1115       1184       1233       1172       1114
   135:       1219       1249       1108       1218       1167
   140:       1112       1123       1190       1218       1120
   145:       1154       1163       1133       1168       1162
   150:       1161       1121       1113       1190       1142
   155:       1073       1075       1112       1132       1167
   160:       1130       1089       1136       1079       1120
   165:       1094       1136       1067       1085       1148
   170:       1024       1078       1063       1058       1100
   175:        978       1104        986       1018       1086
   180:        987        988        999       1001       1027
   185:        924        997        992        955        961
   190:        985       1083       1005        937        991
   195:        931        955        906        922        969
   200:        940        965        954        962        910
   205:        886        922        905        900        837
   210:        861        853        925        863        865
   215:        841        861        923        900        859
   220:        867        829        870        878        892
   225:        878        856        843        906        872
   230:        877        885        899        874        812
   235:        882        886        842        910        965
   240:        891        917        866        878        849
   245:        859        881        889        829        822
   250:        858        832        803        891        831
   255:        846        867        871        824        868
   260:        786        808        813        809        814
   265:        819        844        824        726        766
   270:        758        774        785        785        763
   275:        739        761        750        777        708
   280:        681        691        738        731        712
   285:        693        754        660        695        700
   290:        698        671        680        708        682
   295:        650        681        686        652        649
   300:        649        597        662        660        626
   305:        698        634        597        591        612
   310:        586        618        644        630        651
   315:        625        631        607        571        574
   320:        545        617        594        571        622
   325:        594        535        569        566        574
   330:        582        532        549        508        546
   335:        583        541        567        489        575
   340:        515        495        504        508        529
   345:        441        514        504        470        490
   350:        481        497        456        468        443
   355:        484        529        441        471        484
   360:        479        491        474        435        433
   365:        480        432        458        429        410
   370:        446        437        407        454        441
   375:        448        430        447        414        425
   380:        403        431        423        446        436
   385:        411        419        409        436        380
   390:        382        433        453        406        410
   395:        360        396        458        386        378
   400:        407        361        396        369        373
   405:        425        403        408        374        417
   410:        375        370        343        400        387
   415:        387        341        372        374        381
   420:        380        378        393        381        374
   425:        322        361        357        334        374
   430:        362        336        339        366        355
   435:        320        357        312        331        335
   440:        349        327        343        316        302
   445:        324        345        302        337        330
   450:        337        315        314        314        345
   455:        326        325        336        296        326
   460:        305        311        317        342        338
   465:        304        304        342        308        290
   470:        332        294        321        311        309
   475:        322        312        325        331        309
   480:        303        330        330        286        258
   485:        288        310        295        292        269
   490:        293        308        321        307        323
   495:        304        309        310        282        287
   500:        298        267        282        284        269
   505:        261        264        306        271        297
   510:        256        279        271        290        239
   515:        247        247        263        298        260
   520:        244        236        263        263        288
   525:        281        261        264        273        253
   530:        242        241        258        276        236
   535:        296        274        278        266        238
   540:        257        252        238        242        245
   545:        240        274        238        238        246
   550:        219        261        258        270        274
   555:        247        268        255        243        227
   560:        236        251        249        245        251
   565:        241        230        243        216        231
   570:        255        231        232        227        228
   575:        240        228        193        210        228
   580:        247        240        200        248        228
   585:        238        254        221        232        230
   590:        253        238        243        247        239
   595:        245        230        229        222        225
   600:        221        230        192        244        230
   605:        226        210        224        244        193
   610:        235        216        225        226        222
   615:        228        213        221        199        216
   620:        219        220        203        230        206
   625:        227        211        185        197        203
   630:        194        182        229        192        202
   635:        213        212        206        200        198
   640:        190        194        192        197        189
   645:        169        158        184        195        157
   650:        169        175        177        153        162
   655:        172        175        175        193        149
   660:        169        157        146        149        130
   665:        146        152        155        163        172
   670:        159        149        139        165        152
   675:        161        186        147        171        165
   680:        140        157        172        153        150
   685:        148        128        149        161        162
   690:        147        139        125        162        148
   695:        148        139        147        150        124
   700:        149        131        155        146        131
   705:        126        147        142        126        146
   710:        121        148        124        141        144
   715:        137        132        157        148        129
   720:        143        126        125        133        135
   725:        132        116        112        122        135
   730:        135        112        122        123        118
   735:        114        143        116        121        135
   740:        111        113        133        126        132
   745:        114        127        117        124        125
   750:        127        118        114        126        137
   755:        102        118        127        120        113
   760:        132        111        115        114         89
   765:        127        115        119        124        104
   770:        118        111        119        126        116
   775:        126        125        108        126        116
   780:        130        115        115        101        109
   785:        105        131        103        111        102
   790:        110        121        120         93        115
   795:        102        114         96        109        108
   800:        128         94        119        117        122
   805:        121        110        113        140        123
   810:        125         98        101        126        118
   815:        120         93        139        109        116
   820:         94         99        121        117        122
   825:        124        107        112        123        121
   830:        112        134        118        126        114
   835:        107        109        127        111        114
   840:        118        141        113        112        134
   845:        146        135        144        143        150
   850:        128        126        123        143        132
   855:        118        128        128        131        146
   860:        170        174        166        167        173
   865:        178        190        215        171        202
   870:        165        202        202        203        190
   875:        209        238        228        230        231
   880:        261        257        221        273        304
   885:        296        319        333        341        350
   890:        356        333        325        363        355
   895:        387        382        364        432        421
   900:        421        429        491        455        480
   905:        531        480        475        510        540
   910:        492        486        524        573        568
   915:        566        618        601        569        618
   920:        594        619        598        582        612
   925:        642        654        648        605        621
   930:        632        621        614        605        585
   935:        635        628        559        543        566
   940:        600        596        555        517        526
   945:        500        480        503        467        454
   950:        491        477        478        452        402
   955:        404        355        384        353        342
   960:        302        311        318        313        281
   965:        271        262        254        214        239
   970:        218        217        179        191        160
   975:        165        165        174        122        116
   980:        128        102        113         93        114
   985:        100         96         65         63         80
   990:         68         62         63         65         49
   995:         59         39         50         38         36
  1000:         37         51         27         34         29
  1005:         38         34         35         32         25
  1010:         28         21         30         20         29
  1015:         24         25         26         15         24
  1020:         17         20         20         18         26
  1025:         22         23         22         20         19
  1030:         27         21         20         18         16
  1035:         18         14         17         16         18
  1040:         20         24         17         17         14
  1045:         18         24         26         20         13
  1050:         14         28         11         23         20
  1055:         29         18         24         21         18
  1060:         21         16         15         17         26
  1065:         22         21         13         19         20
  1070:         17         27         10         29         19
  1075:         18         21         23         13         14
  1080:         15         25         22         20         21
  1085:         21         14         32         17         18
  1090:         24         21         30         16         19
  1095:         18         16         22         16         18
  1100:         24         16         12         21         22
  1105:         20         21         19         17         18
  1110:         22         20         16         12         20
  1115:         15         15         18         26         26
  1120:         19         16         19         17         19
  1125:         15         30         27         22         26
  1130:         14         21         15         20         13
  1135:         12         20         15         22         19
  1140:         16         16         19         21         18
  1145:         16         20         18         14         12
  1150:         10         18         14         19         14
  1155:         16         10         15         16         20
  1160:         23         21         11         19         16
  1165:         17         17         25         12         20
  1170:         17          8         10         18         13
  1175:         14         17         13         16          8
  1180:         12         22         15         13         12
  1185:         17         12         14         10         13
  1190:         13         17         19         22         17
  1195:         24         12         14         21         16
  1200:         14         13         12         13         13
  1205:         19         18         20         19         18
  1210:         16         17         15         16         16
  1215:         26         11         16         16         15
  1220:         13         11         10         15         14
  1225:         14         19         18         21         17
  1230:         10         21         17         12         17
  1235:         15         29         20         15         11
  1240:         21         17         17         16          9
  1245:         15         21         19         10         21
  1250:         18         11         20         19         15
  1255:         17         21         27         17         13
  1260:         20         26         14         22         16
  1265:         15         17         17         17         17
  1270:         20         24         15         18         19
  1275:         23         20         23         12         18
  1280:         12         22         22         18         14
  1285:         16         15         19         15         14
  1290:         15         18         23         17         21
  1295:         17         18         13         10         11
  1300:         16         14         24         13         21
  1305:         20         14         13         19         21
  1310:         11         18         12         23         22
  1315:         13         18         13         16         17
  1320:          8         18         16         18         11
  1325:         18         16         19         15         17
  1330:         13         12         21         14          9
  1335:         18         30         15         19         13
  1340:         21         17         21         14         16
  1345:         23         11         14         17         12
  1350:         17         19         13         12         16
  1355:         17         21         15         11         20
  1360:         17         13         16         19         17
  1365:         15         16         22         16         17
  1370:         16         14         26         13         14
  1375:         18         12         11         17         13
  1380:         15         13         14         10         15
  1385:         16         19         18          9         13
  1390:         11         19         20         11         10
  1395:         10          8         12         10         16
  1400:         14         13         13         14         12
  1405:         19         10          7         16         16
  1410:         12         15          9         13         16
  1415:         15          6         13          8          8
  1420:         10         20          8         14          7
  1425:         12         13         13         18         16
  1430:         17         12         11         12         13
  1435:         22         10         15          8         17
  1440:         13         11         13         17         11
  1445:          9         14         13          7         18
  1450:         11         12          8         13         10
  1455:          3         16         16         18          9
  1460:         10         11          8          4         14
  1465:          9          5         14         16         14
  1470:          8         12         14         11         13
  1475:         17         15         11         15         15
  1480:         13          6         11         16          8
  1485:          9          8          6          8         11
  1490:         12         14         12         14         12
  1495:         15          8          9          9         11
  1500:         10         15         12         10          6
  1505:          6         11         15         14         14
  1510:         14         16          7         10          9
  1515:         10         10         12         10         12
  1520:         11          8          9          6         12
  1525:         10         15         10         11         12
  1530:         16         11         17         15         13
  1535:         10         14         19         13         13
  1540:         15         10         14         10          7
  1545:          9          8         11          4         11
  1550:          5         11         11          9         13
  1555:         15         15         11         13         13
  1560:         20         11          7         10         10
  1565:         23         13         10         17         15
  1570:          8         10         17         16         17
  1575:         16          6         14         13         10
  1580:          7         12         14         14         12
  1585:          8          9          9         15         12
  1590:         10         13         11         12         12
  1595:         14         18         14         15         10
  1600:         15         12         13         17         13
  1605:          9         16         11         17          5
  1610:         11         17         10         17         12
  1615:         19         14         12         14          6
  1620:          6         12         18          8          5
  1625:         16         13          3          9         17
  1630:         11          8          9         13          9
  1635:         13          8         12         10         13
  1640:         14         14          8          7         11
  1645:         12          9         12         10         13
  1650:         14         12         13          9          7
  1655:         10          8         11          7         10
  1660:          7         11          7         12          9
  1665:          8          8         10         10         10
  1670:         12         14          9          6          9
  1675:          4          7         15          9         15
  1680:          5          8          6          6         10
  1685:          9          7          9         11          9
  1690:         10         12          8          9         11
  1695:          8         11          4         10         13
  1700:         15          7         10         12          2
  1705:         10         12          3          2          8
  1710:         10          8          6          6         10
  1715:         17          9          9         12          5
  1720:          9          8          8          7          8
  1725:          7         12          4          8          8
  1730:         11          3          5         10         10
  1735:          4          6          4          8          4
  1740:          9          6          3         12          8
  1745:          6          6          7          8          9
  1750:          6          8         10          4          8
  1755:          4          7          9          9          8
  1760:          5          7          8          6          8
  1765:          3          6          4         12          5
  1770:         12          8          2          2          5
  1775:         10          7          9         14          4
  1780:          6          5          5          4          9
  1785:          3          7          1          8          4
  1790:          6         10         10          3          7
  1795:          2          8          5         12          7
  1800:          7          6          5          6          4
  1805:          4          6          5          4          9
  1810:          2          7          7          6          6
  1815:         10          3          5          4          6
  1820:          4          2          3          2          9
  1825:          3          3         11          5          2
  1830:          7          5          8          3          5
  1835:          4          6          6          5          4
  1840:          4          2          5          4          9
  1845:          4          4          7          5          4
  1850:          2          7          4          5          3
  1855:          1          8          8          8          6
  1860:          9          7          7          3          5
  1865:          2          2          3          4          3
  1870:         11          8          2          4          4
  1875:          6          4          3          4          9
  1880:          5         10          6          4          1
  1885:          3          6         11          7          4
  1890:          5          8         10          1          6
  1895:          7          4          9          9          5
  1900:          4          7          1          2          6
  1905:          9          4          2          7          2
  1910:          7          5          5          3          4
  1915:          5          2          5          2          8
  1920:          3          8          5          7          7
  1925:          5          6          5          8          8
  1930:         10          5          4          2          8
  1935:          9          4          8          5          4
  1940:         10          5          7          8          9
  1945:         10          8          6          6          7
  1950:          6          9          8          5          8
  1955:          8          3          6         11          4
  1960:          6         13          8          9          9
  1965:          8         12          5          9         12
  1970:          5          8          9         12         11
  1975:         11          7          9         13         12
  1980:          8          9          8         11         17
  1985:         10         10         10          7         10
  1990:         14         15         24         13         19
  1995:         19         16         15         16         13
  2000:         16         26         63         51         47
  2005:         40         49         49         52         44
  2010:         41         44         42         37         53
  2015:         39         45         47         51         44
  2020:         55         45         48         41         33
  2025:         45         44         36         51         28
  2030:         32         25         32         37         37
  2035:         27         23         32         31         26
  2040:         26         20         27         29         30
  2045:         17         15         13
