ACQUISITION INFORMATION

Detector ID:  1
Detector description:
LAB4C1 MCB 1
Sample description:
Assorbimento
Real Time:  1560.699965
Live Time:  1555.319965
Acquisition start date:  31Oct2019
Acquisition start time:  16:00:38
Starting channel number:   0
Number of channels:   2048


CALIBRATION INFORMATION

ENERGY CALIBRATION
Units:
Energy Fit:  0.000000E+000  1.000000E+000  0.000000E+000
FWHM Fit:  1.000000E+000  0.000000E+000  0.000000E+000
Efficiency Terms:  0.000000  0.000000  0.000000  0.000000  0.000000
  0.000000  0.000000  0.000000  0.000000  0.000000


SPECTRUM
     0:          0          0         29        260        285
     5:        265        281        278        319        333
    10:        314        306        323        306        312
    15:        340        327        308        294        308
    20:        306        312        306        313        320
    25:        334        352        339        349        327
    30:        367        405        391        395        407
    35:        387        428        436        435        442
    40:        462        438        462        470        489
    45:        502        528        558        509        567
    50:        560        559        591        625        643
    55:        676        652        691        655        692
    60:        705        722        722        724        757
    65:        805        783        846        803        847
    70:        861        874        808        888        941
    75:        933        874        942        927        963
    80:        936        990       1014        964        991
    85:        981        999       1040       1017       1052
    90:        997       1066       1032       1024       1031
    95:       1060       1084       1110       1004       1103
   100:       1092       1051       1070       1057       1046
   105:       1066       1043       1112       1098       1074
   110:       1088       1058       1036       1043       1067
   115:       1052       1096       1059       1088       1061
   120:       1063       1080       1107       1042       1074
   125:       1118       1075       1118       1091       1064
   130:       1026       1022       1054       1075       1048
   135:       1034       1105       1008       1083        998
   140:       1029       1028       1073       1055       1024
   145:        983       1031       1019        978        991
   150:        957       1043       1043       1002       1039
   155:        927        950        988        995        969
   160:       1046        943        951        991        970
   165:        915        911        924        910        943
   170:        926        870        980        915        900
   175:        911        932        866        893        899
   180:        859        872        889        831        868
   185:        824        847        855        829        855
   190:        821        846        826        824        873
   195:        807        839        820        853        875
   200:        790        755        837        829        759
   205:        823        747        806        799        761
   210:        749        786        797        777        793
   215:        751        739        785        740        741
   220:        703        742        639        723        777
   225:        702        699        696        697        748
   230:        713        697        746        726        722
   235:        709        718        731        751        704
   240:        722        667        722        668        715
   245:        654        726        721        722        713
   250:        630        673        699        695        660
   255:        649        648        668        680        670
   260:        693        642        646        627        621
   265:        623        582        634        630        633
   270:        645        637        605        601        618
   275:        587        559        552        598        598
   280:        568        601        560        569        539
   285:        588        559        543        570        498
   290:        567        557        503        537        553
   295:        524        545        511        541        528
   300:        522        543        512        507        495
   305:        524        475        528        494        508
   310:        497        458        488        487        465
   315:        521        533        490        470        505
   320:        479        492        441        434        503
   325:        484        419        443        464        470
   330:        436        436        437        473        439
   335:        423        416        431        422        378
   340:        416        344        408        404        372
   345:        404        379        433        398        392
   350:        397        400        378        391        360
   355:        381        420        358        359        375
   360:        355        356        377        342        329
   365:        366        356        345        366        346
   370:        338        327        317        354        333
   375:        331        315        317        351        353
   380:        339        357        332        316        342
   385:        323        352        295        357        314
   390:        313        338        314        331        320
   395:        323        333        337        250        319
   400:        323        304        295        265        314
   405:        322        292        277        317        285
   410:        310        273        307        329        274
   415:        298        293        290        300        270
   420:        262        261        290        299        240
   425:        272        253        273        262        271
   430:        271        261        271        253        250
   435:        253        260        243        250        221
   440:        272        245        270        239        250
   445:        232        277        225        216        234
   450:        257        238        270        232        261
   455:        261        222        241        252        257
   460:        250        251        234        235        240
   465:        250        232        251        295        236
   470:        230        244        259        212        261
   475:        216        245        244        235        220
   480:        209        237        232        242        229
   485:        232        253        231        233        224
   490:        234        226        259        223        201
   495:        213        222        223        239        248
   500:        219        189        205        195        197
   505:        216        220        226        211        221
   510:        190        217        212        208        216
   515:        188        202        215        202        191
   520:        190        187        207        168        185
   525:        187        184        181        169        203
   530:        201        181        175        211        176
   535:        180        171        197        190        183
   540:        184        181        183        203        171
   545:        148        163        152        188        178
   550:        177        162        174        148        178
   555:        166        179        173        165        186
   560:        183        187        176        195        189
   565:        187        163        178        186        184
   570:        170        177        194        183        154
   575:        165        154        179        186        162
   580:        170        181        161        167        156
   585:        147        169        150        173        173
   590:        171        164        167        177        149
   595:        176        156        175        144        159
   600:        172        144        173        165        165
   605:        167        142        189        169        173
   610:        153        171        147        152        158
   615:        146        181        158        161        166
   620:        158        161        153        149        173
   625:        162        183        165        161        156
   630:        134        134        155        139        137
   635:        133        131        155        126        161
   640:        140        157        147        136        156
   645:        152        128        133        140        108
   650:        155        152        129        143        137
   655:        137        129        119        142        103
   660:        135        135        134        129        148
   665:        124         98        124        112        113
   670:        127        123        143        117        105
   675:        134        110        111        127        124
   680:        147        120        131        124        129
   685:        121        117        116        129        133
   690:        134        121        140        111        117
   695:        135        112        108        113        113
   700:        119        125        104        132        132
   705:        115        106        107        126        127
   710:        130        109        119        111        130
   715:        117         89        119        114        118
   720:        113         97         96        103        127
   725:         95        142        118        128        124
   730:        133        107        104        125        111
   735:        113        103        102        114         86
   740:         86        107        102        111         80
   745:        102        107        128        100        103
   750:         93         91        112        109        116
   755:        112        126        108         99         82
   760:        109         80         89         89        111
   765:         89        105        102        102         96
   770:         92        107         86         95         92
   775:         78        111        100         97         96
   780:        101         90         81         95         85
   785:         91        103        101        112        102
   790:        101        115         98        105         97
   795:        104        107         95        105         94
   800:        107         96        103         97        123
   805:         96        117         98        108        110
   810:        109         74        106        105         95
   815:        108         98         99         97         96
   820:        113         82        112         96         94
   825:         95        110        117        104        115
   830:         92        114        116        100        103
   835:        107        108         97         91        110
   840:        114         87         93        104        110
   845:         84         97        110        114        113
   850:         98        114        102        113        112
   855:        101        114        112        134        119
   860:        116        111         99        136        111
   865:        128        119         95        126        117
   870:        135        109        116        114        126
   875:        102        123        168        123        135
   880:        144        151        157        133        153
   885:        183        152        154        160        173
   890:        167        183        170        186        173
   895:        166        196        210        197        201
   900:        204        181        214        233        218
   905:        203        204        244        219        248
   910:        281        238        252        256        268
   915:        293        264        252        265        271
   920:        279        292        311        292        290
   925:        292        279        261        279        277
   930:        268        293        294        275        296
   935:        281        280        277        281        285
   940:        244        232        277        255        234
   945:        255        252        259        259        205
   950:        265        230        222        213        183
   955:        194        191        176        172        154
   960:        168        187        154        142        142
   965:        153        126        114        134        116
   970:        118        109        104        103        101
   975:         85         94         87         76         67
   980:         66         82         48         53         55
   985:         38         51         49         48         47
   990:         34         42         37         36         43
   995:         39         42         37         38         28
  1000:         37         41         27         28         30
  1005:         26         20         30         14         20
  1010:         23         18         20         21         24
  1015:         30         26         20         21         17
  1020:         21         19         20         23         21
  1025:         28         18         16         16         15
  1030:         25         21         10         15         16
  1035:         20         15         17         16         21
  1040:         21         21         30         15         18
  1045:         24         23         18         25         19
  1050:         18         19         19         19         13
  1055:         17         15         15         17         17
  1060:         16         14         19         27         16
  1065:         16         12         14         19         22
  1070:         21         13         20         23         14
  1075:         18         19         21         21         22
  1080:         17         19         15         19         17
  1085:         17         16         18         19         26
  1090:         13         15         18         11         17
  1095:         25         14         17         17         12
  1100:         14         18         24         10         11
  1105:         19         25         28         13         23
  1110:         31         12         15         13         11
  1115:         18         10         19         16         18
  1120:         17         15         20         18         15
  1125:         21         11         17         18         13
  1130:         15         15         12         16         14
  1135:         17          7         20         11         12
  1140:         25         14         13         11         14
  1145:         15         18         16         25         14
  1150:         15         19         16         18         20
  1155:         17         14         20         15         13
  1160:         18         15         17         12         20
  1165:         16         16         14         13         17
  1170:         12          8         25         17         15
  1175:         16         13         14         18         10
  1180:         13         15         17         15         18
  1185:         16         14         16         18         23
  1190:         12         15         17         23         13
  1195:         18         15         17         15         17
  1200:         14         15         17         14         16
  1205:         13         14         17         13         11
  1210:         21         14         15         16         16
  1215:         14         13         16         12         22
  1220:         22          6         13         16         11
  1225:         14         12         18         10         18
  1230:         19         13         22         16         15
  1235:         22         12         15         15         19
  1240:         18         15         19         14         18
  1245:         12         18         15         15          6
  1250:         13         12          6         14         16
  1255:         12         16         11         14         21
  1260:         14         19         11         15         18
  1265:         17         16         11         17         18
  1270:         13         20         13         17         15
  1275:         19         12         12         18         20
  1280:          9         12         20         16         17
  1285:         22          7         15         24         22
  1290:         12         18         15         15         10
  1295:         17         16         16         17         15
  1300:         19         14         16         19          8
  1305:         19         14         14         15         23
  1310:         17         23         14         18         18
  1315:         20         14         10         14         13
  1320:         18         13         15         26         16
  1325:         13         16          9         17         13
  1330:         10         16         13         26         12
  1335:         16         16         17         17         19
  1340:         12         16         17         16         15
  1345:         17         24         12         15         14
  1350:         23         11         15         13         20
  1355:         14         14         16         12          9
  1360:         18         19         15         16         23
  1365:         18         18         16         20         16
  1370:         16         22         17         20          9
  1375:         14         17         15         13         24
  1380:         18         18         15          8         17
  1385:         19         14         14         20         15
  1390:         11         15         17         10         23
  1395:          5         14         13          6         13
  1400:          9          9         13         17         18
  1405:         12         14          8         17          7
  1410:         10         13         14          7         17
  1415:         12          7         15         17         15
  1420:         10          9          9         13         16
  1425:         11          7          8         10         14
  1430:          9         15         11          7         11
  1435:         11         15         15         13         13
  1440:         11         12          4          8         12
  1445:          7          7          9          6          5
  1450:         13          9          7         16          8
  1455:         19         12         19         14         12
  1460:         10         12         10          9          8
  1465:         22          7         14         11         12
  1470:         10         11         13         10          8
  1475:         11          7         14         17          7
  1480:          7         13         15          9          8
  1485:          6          8          8         11         15
  1490:         10         11          6          8         11
  1495:         13          9         15         10         10
  1500:          6         12         11          9         10
  1505:          9         11         10         13          9
  1510:         11         10          9         11         16
  1515:          9         18         11          7          7
  1520:         15         11         14         10          7
  1525:          8          6          8         14         15
  1530:          8         11          5         14         15
  1535:         19          6          9         15         19
  1540:         14          9         12          6          9
  1545:         11         12         12         11          8
  1550:         15         12         16         11         15
  1555:         11          9         14         12         14
  1560:         15         13         11          3         20
  1565:         15         11         14         16         13
  1570:         10          9         17         12         10
  1575:          7          6         12          9         14
  1580:         10         11          8         16         15
  1585:         15          8         14          8         14
  1590:         11         15         11          9         13
  1595:         17          9         14         14         20
  1600:         15          8         12         12         13
  1605:         16         10         13         14         20
  1610:         17          6         13          5         11
  1615:         11         19          7         13         12
  1620:         11         12          6         12          8
  1625:          4         10         13          8         11
  1630:         10         13          9          8         12
  1635:          8          9         14         10          8
  1640:         11          8          9          5         13
  1645:          9         13         12          8         12
  1650:          8         10          9         10          9
  1655:         10          8         13          7          9
  1660:         10          6          8          6         13
  1665:         12         13          8         11         12
  1670:          6          7         11         11          9
  1675:         13         11         14         15          9
  1680:          9          6          7          9         13
  1685:          9          8          6          6          8
  1690:          7          5          7          5          4
  1695:         14         12          3          3         11
  1700:         12         10          9         12          7
  1705:          7         10          8         10          9
  1710:         12         10         11          9          9
  1715:         11          5          6         11          7
  1720:          1          9          8          8          8
  1725:          9         10         12          3          8
  1730:          5          8          7          9         11
  1735:          6          7          8         10         10
  1740:          9          6          6         13          3
  1745:          6          4         10          4          9
  1750:          5          9          4          8          6
  1755:          8          9          7          7          8
  1760:          6          9          5          7          8
  1765:          9          5          6         13          5
  1770:          6          6          4          8          8
  1775:          4          8          4          5          4
  1780:          4          7          9          5          5
  1785:          6          7          8          8          3
  1790:          4          4          5          2         11
  1795:          5          6          6          5          5
  1800:          3          4          7          3          7
  1805:          3          5          7          9          7
  1810:          3          5          6          5          7
  1815:          3          2          5          7          8
  1820:          3          7          3          4          3
  1825:          4          5          3          7          4
  1830:          6          3          6          8          4
  1835:          9          6          4         10          7
  1840:          6          4         10          4          9
  1845:          3          6          5          6          5
  1850:          4          5          3          9          6
  1855:          8          5          5          4          2
  1860:          3          1          4          3          5
  1865:         10          7          5          3          4
  1870:          4          6          5          4          7
  1875:          3          3          2          5          4
  1880:          5          7          6          5          5
  1885:          2          5          4          3          3
  1890:          7          3          5          7          3
  1895:          5          6          2          3          8
  1900:          5         10          6          6          3
  1905:          4          6          7          2          5
  1910:          5          5          5          2          5
  1915:          3          4          6          2          5
  1920:          4          6          3          1          6
  1925:          8          6          5          6          7
  1930:          5          8          8          4         10
  1935:          0          6         11         10          4
  1940:          6          4          6         11         10
  1945:         11          7          4          7          7
  1950:          8          6         10          5          6
  1955:         13          3          7          9          3
  1960:         10          9          6          5          7
  1965:          8         15          7          2          8
  1970:          9         13         11          7          9
  1975:         10          9          3          8         11
  1980:          7          8          4         11         12
  1985:         16         10         14         12         14
  1990:         15         15         16         15         19
  1995:         14         16          8         15         16
  2000:         16          9         59         60         70
  2005:         72         59         58         63         39
  2010:         46         47         61         57         51
  2015:         66         41         44         40         48
  2020:         48         42         44         28         33
  2025:         42         30         48         36         36
  2030:         36         35         43         34         27
  2035:         35         31         28         33         28
  2040:         28         24         25         28         25
  2045:         16         23         21          0           0
