ACQUISITION INFORMATION

Detector ID:  1
Detector description:
LAB4C1 MCB 1
Sample description:
Assorbimento
Real Time:  51600.458847
Live Time:  51521.898848
Acquisition start date:  29Oct2019
Acquisition start time:  18:39:32
Starting channel number:   0
Number of channels:   2048


CALIBRATION INFORMATION

ENERGY CALIBRATION
Units:
Energy Fit:  0.000000E+000  1.000000E+000  0.000000E+000
FWHM Fit:  1.000000E+000  0.000000E+000  0.000000E+000
Efficiency Terms:  0.000000  0.000000  0.000000  0.000000  0.000000
  0.000000  0.000000  0.000000  0.000000  0.000000


SPECTRUM
    0:          0          1        625       3517       3598
    5:       3653       3689       3728       3776       3955
    10:       3922       4041       4040       4114       4041
    15:       4136       4125       4230       4207       4271
    20:       4293       4221       4336       4369       4279
    25:       4572       4624       4709       4745       4857
    30:       4993       5236       5243       5295       5461
    35:       5636       5788       5937       6211       6124
    40:       6324       6637       6567       6793       7071
    45:       7073       7332       7566       7791       7975
    50:       8126       8374       8696       8925       9087
    55:       9335       9578      10030      10155      10435
    60:      10643      10646      11069      11541      11593
    65:      11999      12167      12274      12268      12586
    70:      12790      13128      13318      13404      13629
    75:      13737      13866      13956      14236      14593
    80:      14809      14925      15230      15263      15077
    85:      15378      15463      15148      15280      15101
    90:      15352      15045      15187      15134      15231
    95:      14977      14756      14956      15025      15109
   100:      15141      15187      14989      14897      15104
   105:      15065      15001      14921      14814      14967
   110:      14613      14884      14793      14657      14473
   115:      14549      14658      14630      14415      14452
   120:      14457      14534      14416      14427      14457
   125:      14342      14190      14061      14112      14097
   130:      14010      14208      14013      14093      13876
   135:      13883      13791      13863      13838      13761
   140:      13865      13669      13681      13544      13430
   145:      13553      13361      13346      13262      13080
   150:      13379      13173      13157      13133      13030
   155:      12973      13130      12914      13063      12801
   160:      13003      12866      12794      12706      12393
   165:      12652      12492      12459      12316      12289
   170:      12168      12217      11881      12136      11928
   175:      12015      11764      11618      11650      11710
   180:      11691      11514      11364      11387      11450
   185:      11189      11117      11174      10894      11021
   190:      10823      10970      10725      10792      10639
   195:      10611      10503      10620      10097      10255
   200:      10147      10138      10278      10184       9966
   205:       9857       9939       9740       9759       9971
   210:       9760       9582       9715       9411       9411
   215:       9378       9333       9227       9162       9199
   220:       9187       9035       9014       8988       8936
   225:       9045       9019       8866       8773       8758
   230:       8853       8687       8677       8641       8623
   235:       8506       8375       8473       8313       8348
   240:       8493       8376       8149       8254       8198
   245:       8050       8106       7971       7985       7866
   250:       7935       7908       7895       7883       7707
   255:       7669       7560       7447       7682       7460
   260:       7465       7415       7329       7343       7239
   265:       7266       7076       7010       7067       6978
   270:       7054       7031       6988       6915       6794
   275:       6774       6753       6975       6832       6853
   280:       6747       6615       6497       6806       6614
   285:       6622       6526       6601       6581       6362
   290:       6572       6473       6434       6352       6510
   295:       6413       6357       6163       6261       6419
   300:       6252       6222       6350       6291       6279
   305:       6290       6445       6305       6344       6282
   310:       6272       6227       6373       6243       6106
   315:       6352       6258       6215       6009       6120
   320:       6128       6109       6015       5871       5884
   325:       5845       5868       5809       5774       5717
   330:       5763       5420       5513       5455       5240
   335:       5215       5289       5206       5024       4956
   340:       5069       4777       4932       4824       4772
   345:       4808       4626       4567       4493       4437
   350:       4450       4566       4418       4284       4447
   355:       4259       4370       4233       4211       4086
   360:       4061       4041       4077       4173       3995
   365:       4126       4029       3950       3890       3860
   370:       3832       3892       3924       3902       3859
   375:       3757       3884       3798       3928       3765
   380:       3739       3675       3778       3724       3786
   385:       3783       3772       3786       3625       3656
   390:       3672       3647       3638       3666       3720
   395:       3523       3619       3514       3616       3501
   400:       3576       3681       3589       3595       3476
   405:       3349       3429       3453       3428       3351
   410:       3328       3326       3281       3288       3333
   415:       3282       3252       3221       3172       3111
   420:       3128       3168       3194       2982       2935
   425:       3054       2966       2867       2982       2952
   430:       2935       2920       2843       2865       2813
   435:       2788       2863       2851       2785       2843
   440:       2791       2848       2703       2780       2659
   445:       2854       2676       2698       2749       2732
   450:       2788       2796       2774       2697       2639
   455:       2693       2760       2817       2764       2770
   460:       2719       2703       2786       2748       2663
   465:       2681       2699       2825       2752       2757
   470:       2831       2742       2766       2690       2775
   475:       2770       2734       2729       2689       2745
   480:       2714       2781       2683       2609       2626
   485:       2655       2684       2599       2586       2693
   490:       2627       2597       2574       2583       2440
   495:       2498       2481       2362       2384       2410
   500:       2387       2302       2358       2315       2265
   505:       2220       2230       2130       2180       2101
   510:       2126       2091       2053       2032       2082
   515:       2004       1891       1989       1985       1842
   520:       1907       1909       1889       1823       1813
   525:       1882       1852       1760       1755       1715
   530:       1780       1783       1799       1698       1669
   535:       1671       1714       1703       1644       1653
   540:       1648       1639       1572       1525       1608
   545:       1650       1598       1629       1633       1609
   550:       1621       1632       1620       1551       1579
   555:       1661       1549       1532       1532       1556
   560:       1562       1508       1599       1585       1523
   565:       1431       1506       1549       1529       1507
   570:       1547       1565       1467       1450       1504
   575:       1485       1485       1470       1401       1491
   580:       1487       1383       1432       1485       1453
   585:       1455       1437       1435       1482       1346
   590:       1399       1436       1408       1339       1395
   595:       1477       1372       1388       1410       1376
   600:       1402       1458       1326       1350       1395
   605:       1330       1340       1335       1342       1357
   610:       1287       1286       1243       1317       1352
   615:       1348       1307       1315       1270       1290
   620:       1311       1312       1182       1267       1273
   625:       1258       1289       1279       1210       1276
   630:       1278       1203       1342       1267       1287
   635:       1229       1253       1268       1254       1228
   640:       1190       1186       1297       1260       1236
   645:       1281       1211       1209       1185       1233
   650:       1235       1237       1169       1189       1268
   655:       1198       1245       1208       1206       1191
   660:       1206       1179       1171       1183       1216
   665:       1218       1106       1116       1202       1228
   670:       1196       1192       1184       1147       1123
   675:       1146       1196       1187       1126       1138
   680:       1178       1156       1160       1152       1199
   685:       1128       1168       1193       1218       1120
   690:       1091       1109       1163       1186       1133
   695:       1169       1183       1137       1166       1169
   700:       1131       1147       1165       1142       1089
   705:       1184       1168       1160       1140       1142
   710:       1162       1182       1114       1092       1147
   715:       1156       1143       1126       1162       1150
   720:       1136       1067       1120       1083       1081
   725:       1180       1083       1078       1085       1081
   730:       1099       1088       1099       1047       1061
   735:        999       1050       1102        980       1060
   740:       1023       1032       1062       1075       1037
   745:       1029        963       1010       1014        994
   750:        970       1010       1013        998        981
   755:        933        967        913        923        978
   760:        977        905        962        945        967
   765:        935        924        856        955       1006
   770:        963        944        972        931        927
   775:        969        974        933        969        953
   780:        929        977        944        967        966
   785:        919        917        955        965        976
   790:       1003        942        944        975        964
   795:       1009       1028       1014       1013       1034
   800:       1070        962       1004       1033       1017
   805:       1100       1027       1073       1036       1067
   810:       1094       1123       1028       1099       1088
   815:       1091       1084       1125       1110       1135
   820:       1092       1131       1064       1171       1140
   825:       1154       1185       1136       1130       1087
   830:       1248       1140       1111       1183       1122
   835:       1212       1205       1164       1182       1195
   840:       1193       1073       1166       1156       1164
   845:       1154       1125       1087       1157       1181
   850:       1154       1143       1166       1062       1159
   855:       1148       1161       1076       1079       1056
   860:       1088       1045       1136       1058       1137
   865:       1103       1077       1031       1049       1050
   870:       1003        973        982        994       1031
   875:        990        990        912        934        901
   880:        954        888        902        927        920
   885:        837        840        845        837        816
   890:        890        835        799        783        812
   895:        806        758        772        762        772
   900:        721        720        706        691        740
   905:        690        731        729        727        698
   910:        687        712        667        674        645
   915:        665        655        652        639        682
   920:        660        607        605        645        647
   925:        658        599        597        632        596
   930:        652        643        619        635        605
   935:        594        599        625        620        666
   940:        580        601        600        586        568
   945:        613        632        634        563        621
   950:        604        596        569        610        613
   955:        543        598        621        570        595
   960:        570        576        644        601        586
   965:        618        561        573        593        542
   970:        606        602        578        613        554
   975:        577        594        557        566        596
   980:        544        597        536        516        569
   985:        584        536        579        584        594
   990:        550        620        553        581        591
   995:        561        576        601        541        598
  1000:        585        593        573        593        520
  1005:        591        550        556        533        567
  1010:        587        580        569        541        560
  1015:        549        557        535        529        571
  1020:        554        525        516        514        578
  1025:        589        543        526        539        551
  1030:        550        552        584        587        564
  1035:        515        556        552        568        531
  1040:        570        552        521        509        536
  1045:        552        536        539        504        532
  1050:        507        545        558        532        533
  1055:        527        554        520        530        525
  1060:        578        547        518        528        526
  1065:        520        557        538        513        522
  1070:        552        542        532        513        542
  1075:        551        511        513        543        511
  1080:        521        545        548        512        513
  1085:        517        565        475        497        522
  1090:        510        495        510        489        496
  1095:        524        505        511        501        551
  1100:        501        517        497        544        573
  1105:        508        516        484        508        507
  1110:        454        497        501        561        505
  1115:        492        506        496        492        484
  1120:        488        515        510        466        448
  1125:        444        479        446        519        472
  1130:        502        483        514        458        494
  1135:        495        458        511        473        453
  1140:        422        484        426        469        460
  1145:        459        484        424        456        437
  1150:        432        443        451        429        461
  1155:        435        493        471        432        437
  1160:        450        453        451        457        440
  1165:        470        432        449        466        439
  1170:        414        444        468        439        437
  1175:        452        423        433        424        454
  1180:        509        382        397        422        426
  1185:        427        403        431        448        429
  1190:        441        423        418        428        390
  1195:        430        405        442        378        396
  1200:        425        433        435        423        418
  1205:        395        449        427        480        439
  1210:        404        425        446        432        404
  1215:        441        434        443        402        423
  1220:        406        447        453        428        417
  1225:        407        467        434        419        431
  1230:        405        408        415        409        427
  1235:        468        435        402        428        468
  1240:        406        457        410        419        415
  1245:        428        445        461        467        438
  1250:        431        456        439        460        461
  1255:        429        440        486        459        436
  1260:        449        458        484        446        445
  1265:        467        440        490        484        444
  1270:        443        487        445        486        463
  1275:        454        463        490        450        477
  1280:        452        508        490        487        469
  1285:        498        478        495        503        445
  1290:        459        472        483        455        450
  1295:        478        472        428        483        472
  1300:        466        472        491        454        464
  1305:        455        461        500        483        465
  1310:        452        426        428        450        468
  1315:        411        424        453        443        435
  1320:        432        437        438        455        428
  1325:        453        438        438        447        421
  1330:        440        403        405        467        446
  1335:        443        415        419        410        407
  1340:        447        462        408        438        440
  1345:        478        438        416        449        405
  1350:        433        443        449        414        412
  1355:        468        406        436        407        395
  1360:        439        431        411        411        412
  1365:        434        407        433        408        441
  1370:        433        420        436        422        424
  1375:        396        388        375        376        400
  1380:        399        359        411        410        398
  1385:        381        402        370        412        432
  1390:        399        385        382        365        344
  1395:        364        341        353        352        384
  1400:        366        371        332        338        348
  1405:        347        366        383        377        334
  1410:        343        334        336        360        338
  1415:        349        361        325        334        344
  1420:        341        288        316        295        350
  1425:        291        284        317        299        303
  1430:        283        325        300        307        315
  1435:        308        294        328        330        308
  1440:        329        322        346        304        314
  1445:        335        294        324        326        303
  1450:        318        300        324        301        287
  1455:        313        311        289        290        269
  1460:        271        289        320        315        335
  1465:        285        305        308        283        288
  1470:        309        276        300        288        282
  1475:        332        285        297        323        302
  1480:        305        310        310        318        294
  1485:        316        319        293        305        325
  1490:        294        304        276        295        324
  1495:        297        314        310        311        320
  1500:        303        282        281        294        288
  1505:        289        314        311        310        300
  1510:        303        299        331        289        302
  1515:        331        320        290        300        311
  1520:        332        312        297        314        326
  1525:        314        323        336        307        336
  1530:        331        328        307        331        295
  1535:        339        327        326        311        331
  1540:        350        350        337        322        352
  1545:        373        324        360        331        346
  1550:        356        359        323        333        347
  1555:        357        365        359        322        337
  1560:        305        314        348        347        358
  1565:        319        341        348        354        336
  1570:        391        340        363        341        336
  1575:        355        382        353        332        360
  1580:        342        371        357        341        395
  1585:        361        356        333        348        345
  1590:        345        319        383        311        311
  1595:        343        354        345        330        357
  1600:        352        348        338        358        357
  1605:        336        364        336        339        331
  1610:        352        305        329        298        328
  1615:        308        333        320        294        313
  1620:        325        323        338        327        351
  1625:        317        297        295        288        370
  1630:        275        322        305        307        308
  1635:        319        313        298        299        317
  1640:        306        316        300        276        306
  1645:        295        309        280        290        310
  1650:        294        292        310        254        298
  1655:        289        295        294        294        274
  1660:        271        310        295        279        315
  1665:        287        264        299        264        282
  1670:        256        266        286        273        271
  1675:        265        243        238        247        286
  1680:        272        248        247        244        250
  1685:        256        250        284        255        244
  1690:        251        254        272        213        280
  1695:        233        253        242        241        266
  1700:        230        239        257        228        226
  1705:        254        223        253        274        232
  1710:        243        235        256        218        220
  1715:        245        223        219        233        234
  1720:        253        226        251        211        239
  1725:        244        252        263        223        253
  1730:        238        216        219        233        224
  1735:        227        229        213        222        217
  1740:        225        239        202        213        197
  1745:        215        228        205        218        209
  1750:        224        202        200        207        218
  1755:        201        217        237        196        202
  1760:        211        211        232        184        216
  1765:        214        191        204        175        192
  1770:        205        211        197        177        190
  1775:        155        164        180        190        198
  1780:        180        157        200        178        170
  1785:        184        182        171        200        173
  1790:        202        186        178        174        146
  1795:        156        160        177        155        166
  1800:        164        145        166        149        164
  1805:        157        180        159        150        151
  1810:        171        182        170        160        166
  1815:        163        181        147        124        127
  1820:        140        155        147        156        131
  1825:        142        158        147        144        129
  1830:        170        142        127        127        121
  1835:        148        150        142        134        160
  1840:        132        125        134        133        131
  1845:        126        134        153        137        151
  1850:        133        138        149        139        129
  1855:        119        151        126        127        133
  1860:        147        120        147        141        123
  1865:        129        115        130        136        132
  1870:        127        149        115        123        126
  1875:        133        136        123        133        130
  1880:        159        120        135        131        133
  1885:        146        151        120        132        146
  1890:        141        140        128        145        123
  1895:        142        112        138        151        134
  1900:        127        162        152        141        122
  1905:        144        137        150        145        146
  1910:        137        148        126        143        142
  1915:        149        134        148        141        156
  1920:        161        139        158        157        156
  1925:        154        150        167        139        160
  1930:        185        180        178        150        156
  1935:        148        169        147        174        165
  1940:        184        175        166        182        176
  1945:        181        175        166        183        181
  1950:        180        214        189        156        192
  1955:        214        212        210        220        211
  1960:        213        197        192        238        210
  1965:        214        249        261        232        236
  1970:        223        266        265        274        230
  1975:        241        245        283        288        265
  1980:        302        284        268        305        279
  1985:        333        318        333        329        315
  1990:        338        315        360        352        316
  1995:        347        377        364        344        335
  2000:        347        507       1565       1470       1565
  2005:       1501       1562       1451       1475       1455
  2010:       1430       1456       1501       1397       1486
  2015:       1423       1415       1335       1315       1340
  2020:       1327       1306       1227       1232       1232
  2025:       1210       1200       1252       1183       1053
  2030:       1114       1134       1077       1042        977
  2035:       1004        977        906        897        888
  2040:        894        792        867        775        716
  2045:        734        739        603          0         0
