ACQUISITION INFORMATION

Detector ID:  1
Detector description:
LAB4C1 MCB 1
Sample description:
Assorbimento
Real Time:  2100.359953
Live Time:  2095.259953
Acquisition start date:  04Nov2019
Acquisition start time:  11:17:45
Starting channel number:   0
Number of channels:   2048


CALIBRATION INFORMATION

ENERGY CALIBRATION
Units:
Energy Fit:  0.000000E+000  1.000000E+000  0.000000E+000
FWHM Fit:  1.000000E+000  0.000000E+000  0.000000E+000
Efficiency Terms:  0.000000  0.000000  0.000000  0.000000  0.000000
  0.000000  0.000000  0.000000  0.000000  0.000000


SPECTRUM
     0:          0          0         32        226        243
     5:        267        261        225        246        219
    10:        260        264        249        275        278
    15:        273        279        258        275        280
    20:        287        275        279        280        303
    25:        268        251        258        295        282
    30:        319        313        327        305        346
    35:        337        332        326        360        318
    40:        371        358        345        376        408
    45:        377        405        406        424        437
    50:        410        457        443        480        478
    55:        501        486        507        505        488
    60:        548        585        555        578        563
    65:        627        631        647        607        700
    70:        648        671        660        665        745
    75:        744        750        765        795        811
    80:        781        807        812        850        847
    85:        858        853        880        805        844
    90:        858        830        817        811        846
    95:        840        843        818        819        889
   100:        814        797        790        872        787
   105:        813        781        839        845        821
   110:        823        829        808        806        796
   115:        809        821        780        847        843
   120:        783        797        783        814        791
   125:        810        746        841        823        811
   130:        804        811        798        752        804
   135:        789        806        795        802        805
   140:        839        801        813        772        812
   145:        734        790        795        765        715
   150:        800        826        755        765        766
   155:        719        783        764        741        728
   160:        722        707        805        770        689
   165:        762        741        703        787        755
   170:        722        722        687        736        702
   175:        760        668        757        752        728
   180:        747        667        742        717        685
   185:        687        720        693        666        683
   190:        701        673        702        654        661
   195:        660        646        653        649        666
   200:        657        654        654        700        619
   205:        611        646        631        616        654
   210:        644        616        648        623        632
   215:        643        634        613        673        616
   220:        599        639        560        576        617
   225:        645        590        602        633        647
   230:        584        532        594        581        625
   235:        638        587        615        597        592
   240:        596        586        598        593        597
   245:        578        596        572        616        587
   250:        557        617        545        585        544
   255:        577        547        578        585        607
   260:        546        510        567        537        559
   265:        576        550        535        508        533
   270:        502        518        532        530        528
   275:        518        510        505        498        522
   280:        488        497        509        493        473
   285:        483        489        495        465        469
   290:        491        480        441        432        457
   295:        462        453        434        414        476
   300:        464        431        418        444        469
   305:        484        426        441        441        390
   310:        435        448        415        415        423
   315:        434        406        420        466        463
   320:        471        398        461        429        444
   325:        447        435        431        415        374
   330:        440        424        355        387        381
   335:        386        390        376        372        386
   340:        383        427        386        389        388
   345:        409        365        318        370        306
   350:        352        347        302        337        308
   355:        331        340        297        351        343
   360:        321        332        284        302        285
   365:        324        318        325        322        309
   370:        278        301        319        338        279
   375:        285        263        313        302        273
   380:        304        316        282        284        261
   385:        291        282        294        295        283
   390:        302        297        286        278        259
   395:        286        262        289        256        277
   400:        251        282        272        295        273
   405:        255        245        245        265        276
   410:        238        222        252        223        290
   415:        264        282        215        267        256
   420:        258        257        268        238        291
   425:        231        265        238        239        250
   430:        227        246        284        252        223
   435:        248        270        241        232        223
   440:        241        222        271        242        197
   445:        227        241        235        214        223
   450:        223        236        191        214        228
   455:        209        242        244        210        223
   460:        225        212        211        214        209
   465:        216        209        219        222        225
   470:        255        224        232        223        231
   475:        226        198        205        196        187
   480:        212        238        231        246        199
   485:        208        215        220        228        195
   490:        212        207        225        227        207
   495:        232        182        195        205        200
   500:        260        182        202        186        209
   505:        212        182        199        197        179
   510:        228        185        175        205        180
   515:        210        197        173        206        199
   520:        193        186        195        175        156
   525:        166        159        172        147        158
   530:        198        177        155        192        175
   535:        179        191        150        174        169
   540:        170        176        168        157        182
   545:        183        173        175        189        185
   550:        187        139        180        154        146
   555:        165        170        179        164        163
   560:        165        160        152        180        160
   565:        177        146        165        145        143
   570:        158        158        141        164        172
   575:        167        145        169        164        171
   580:        159        168        187        154        164
   585:        167        156        164        153        178
   590:        158        174        167        151        157
   595:        136        148        162        163        158
   600:        140        170        131        147        166
   605:        161        134        152        159        149
   610:        144        154        143        165        144
   615:        152        128        144        138        146
   620:        141        155        135        151        176
   625:        160        154        137        135        149
   630:        149        143        141        136        125
   635:        139        124        133        149        133
   640:        139        146        157        148        152
   645:        130        144        147        149        133
   650:        139        164        143        125        141
   655:        120        118        107        127        125
   660:        149        122        149        111        100
   665:        125        133        113        119        106
   670:        119        127        121        121        122
   675:        120        121         99        104        104
   680:        129        110         96        110        125
   685:        118        123        113        107        108
   690:        114        110        111        110        103
   695:        116         92        115        117        116
   700:        109        110        106        103        108
   705:        102        111        109        106        112
   710:         93        108        119        103        116
   715:        112        113        108        103        111
   720:        105        118        113        102         95
   725:        107         87        112         87        108
   730:         98        104         96        101         92
   735:        111        103        101        114        110
   740:        103        117        110        110        104
   745:        117         86         97         96         91
   750:         98         98         97         94        102
   755:         91        113         79         93        116
   760:         95         94        105        111        102
   765:        103         82         82         98         93
   770:         99         91         95         90         92
   775:        100         96         88         90         85
   780:        107        116         91         97         82
   785:         96         92         97         81         72
   790:        106         85         90         93         70
   795:        116         98         92         98        103
   800:         82         99         93         96         98
   805:        105         99         96         91        103
   810:        100         94        104         91         92
   815:         96         91         95         95         99
   820:         96        107         86        105         97
   825:         88         89        100         97        100
   830:        105        110        110        108         92
   835:        111         95         93        109        115
   840:         82         93        110        112        119
   845:        110         90        120        108        101
   850:        114        119         98        100        108
   855:        113        109        116        105        109
   860:         98        110        119        122        100
   865:        137         96        108        122        117
   870:        102        110        114        113        136
   875:        124        126        126        117        139
   880:        116        126        169        138        145
   885:        153        134        141        162        152
   890:        140        160        145        167        169
   895:        161        179        165        202        152
   900:        195        183        185        220        217
   905:        243        210        263        222        257
   910:        262        228        258        295        265
   915:        295        301        311        279        312
   920:        311        308        335        334        351
   925:        331        353        354        417        407
   930:        379        395        426        390        430
   935:        412        423        406        440        415
   940:        438        419        445        457        468
   945:        460        391        470        429        454
   950:        426        402        424        472        399
   955:        445        425        380        421        414
   960:        404        432        363        356        347
   965:        382        358        375        337        325
   970:        329        292        305        284        303
   975:        278        276        245        246        230
   980:        252        214        195        184        196
   985:        195        194        179        159        144
   990:        160        145        143        110        123
   995:        130        115         87        100         98
  1000:         92         95         95         75         56
  1005:         71         59         46         46         47
  1010:         59         45         48         45         37
  1015:         50         40         38         36         27
  1020:         43         38         34         24         37
  1025:         29         21         30         22         25
  1030:         29         24         32         27         32
  1035:         22         27         29         29         23
  1040:         29         20         26         30         21
  1045:         21         25         29         14         21
  1050:         23         26         20         23         17
  1055:         27         19         23         14         18
  1060:         12         24         17         26         21
  1065:         23         27         23         19         25
  1070:         15         18         21         17         17
  1075:         27         20         25         21         26
  1080:         23         19         24         31         26
  1085:         28         23         21         18         26
  1090:         20         28         14         18         20
  1095:         17         16         25         24         18
  1100:         35         19         21         12         19
  1105:         18         20         23         24         16
  1110:         31         15         24         21         25
  1115:         20         17         20         13         26
  1120:         18         17         20         22         16
  1125:         20         22         27         23         18
  1130:         19         20         29         19         17
  1135:         18         17         28         19         24
  1140:         19         14         15         25         20
  1145:         25         18         20         17         17
  1150:         21         17         13         19         15
  1155:         24         21         16         22         23
  1160:         22         15         16         17         17
  1165:         17         18         19          7         20
  1170:         18         17         17         28         18
  1175:         18         25         21         23          9
  1180:         13         12         17         23         22
  1185:         15         14         16         17         20
  1190:         20         19         13         17         14
  1195:         18         17         13         28         25
  1200:         17         10         15         18         22
  1205:         16         14         20          7         20
  1210:         17         19         13         18         19
  1215:         19         15         19         22         16
  1220:         12         15         19         13         23
  1225:         13         20         16         15         21
  1230:         15         20         25         26         12
  1235:         19         13         10         13         15
  1240:         20         14         18         18         17
  1245:         15         14         21         14         19
  1250:         23         22         18         15         17
  1255:         14         17         20         13         26
  1260:         16         20         17         18         24
  1265:         13         15         16         15         24
  1270:         18         16         22         24         19
  1275:         13         14         20         21         24
  1280:         20         25         20         15         23
  1285:         19         10         21          7         20
  1290:         18         21         21         17         15
  1295:         22         16         22         24         13
  1300:         19         12         15         22         14
  1305:         20         16          9         17         16
  1310:         18         13         16         17         20
  1315:         20         17         23         20         14
  1320:         15         19         16         21         15
  1325:         16         15         16         21         15
  1330:         17         23         13         18         19
  1335:         17         18         13         16         18
  1340:         22         17         17         17         18
  1345:         21         16         22         28         24
  1350:         14         23         21         21         13
  1355:         25         15         15         19         19
  1360:         12         19         22         14         19
  1365:         20         13         18         19         14
  1370:         19         14         14         17         16
  1375:         15         16         25         12         16
  1380:         23         13         13         15         18
  1385:         17         11         16         11         29
  1390:         18         24         18         13         16
  1395:         10         14         17         20         14
  1400:         13         13         17         21         14
  1405:         14         20         12         13         12
  1410:         20         14         16         13         14
  1415:         20          9         14         15         12
  1420:         11         12         18         11         15
  1425:         14         12         11         15         17
  1430:         12          8         19          9         12
  1435:         11         14         16         11         15
  1440:         20         15         12         13         19
  1445:         15         17         13         11         10
  1450:         11          6         11         11         10
  1455:         16         16          8         11         14
  1460:         14          7          9         10         11
  1465:          8         13         12         14         17
  1470:          6         21          8         12         14
  1475:         14         14         13         14         11
  1480:         13         10         13         12          5
  1485:         12         16         10         14         17
  1490:          9         14         15         16          9
  1495:         13         14         13          8          9
  1500:         11          9          8         16         12
  1505:         11         12         12         10         15
  1510:          9         13         19         14         13
  1515:          5         13          9         12         17
  1520:         17         12         19         13         14
  1525:         13         12         10          8         12
  1530:          5          7         10         10         10
  1535:         15         13         17         12         15
  1540:         13         15         15          9         13
  1545:         12         11         14         12         12
  1550:         11         20         15         11         13
  1555:         12         10         20         10         15
  1560:         11         10         14         13         13
  1565:          9         10         12         17         23
  1570:         19         18         11         10         20
  1575:         13         13          9         16         11
  1580:         14          9         13         11         11
  1585:         11         11         21         15         15
  1590:         18         18         17         12         11
  1595:         11         10         10         15         10
  1600:         15         16         11         10         13
  1605:         15         12         14         13         17
  1610:         15         11         11          8         11
  1615:          8         19         16         11         14
  1620:         17         15         20         11         22
  1625:         19         16          9         15         13
  1630:         13          9         11         12         15
  1635:         14         13         14         22         19
  1640:         19         18         11         11         12
  1645:         10         14         20         10         12
  1650:         13         12         11         12         15
  1655:         13         13          9          7         13
  1660:         13         11         16         15         11
  1665:         10         12         16         15         10
  1670:         15         12          7         19         10
  1675:         13         20         13         11         11
  1680:         15         10          9         11         12
  1685:         11         17         13         17          9
  1690:          6         13          9          9          9
  1695:          9          6          7          9         12
  1700:         13         10         15         13          9
  1705:         15          7          8          6         12
  1710:          8          9         11          9          7
  1715:         11          3         11         16         15
  1720:         14         13          8          7         10
  1725:          6         14         15          6          8
  1730:         12         13         11          9          7
  1735:          9          8          7          6         10
  1740:          6          8          7          5          9
  1745:          4         15         10         11         13
  1750:         10         11          8          7          9
  1755:          4         14          6          3          9
  1760:         10          5          6         12          7
  1765:          6          9         12          8         11
  1770:          4         11          9          7         10
  1775:          6          6         10          6          9
  1780:          9          1          7          8          8
  1785:         11          8          5         10          9
  1790:          7          7         18          9         12
  1795:         10          9          6          6          3
  1800:          7          3          9          5         10
  1805:          6          7          4         11         11
  1810:          6          4          5          4         16
  1815:          9          8          3         10          9
  1820:          5          5          7         11          7
  1825:          5         11         10          3          7
  1830:          3          6          9          9          5
  1835:          7         11          6          6          3
  1840:          6          2          4          5          6
  1845:          3          7          5          6          5
  1850:          3          4          7          7         12
  1855:          4          6          6          7          3
  1860:          5          2          8          6          5
  1865:         14          6          7          2          8
  1870:          7          4          7          5          5
  1875:          7          8          6         11          5
  1880:          5          5          5          3          7
  1885:          3          4          5          5          5
  1890:          2          4          9          3          6
  1895:          6          8          7         10          6
  1900:          5          8          5          5          5
  1905:          5          6          6          5          5
  1910:          9          5          8         11          7
  1915:          4         11         14          5          7
  1920:          4          7          3          4          5
  1925:          7          6          6          3          9
  1930:          2         10          5          7          9
  1935:          9          6          5          8          4
  1940:          5          7          3          7          7
  1945:          2          3          7         17          7
  1950:          9          4          8          3          6
  1955:          4          7         12          8          5
  1960:          7         10          4         10          9
  1965:          7          3          6          8         10
  1970:          7          7          3          8          8
  1975:          9         10          9         10          4
  1980:         14          9          5         14          7
  1985:          9          7          6         15         10
  1990:         15          9         13          7          5
  1995:         11         15         20          3         15
  2000:          5          9         55         55         52
  2005:         58         70         80         65         66
  2010:         62         52         60         59         45
  2015:         56         56         52         34         62
  2020:         44         55         53         52         59
  2025:         59         45         54         43         38
  2030:         48         49         38         45         52
  2035:         39         49         51         37         44
  2040:         40         43         33         32         46
  2045:         36         38         28          0         0
