ACQUISITION INFORMATION

Detector ID:  1
Detector description:
LAB4C1 MCB 1
Sample description:
Assorbimento
Real Time:  2100.359953
Live Time:  2095.419953
Acquisition start date:  04Nov2019
Acquisition start time:  10:41:12
Starting channel number:   0
Number of channels:   2048


CALIBRATION INFORMATION

ENERGY CALIBRATION
Units:
Energy Fit:  0.000000E+000  1.000000E+000  0.000000E+000
FWHM Fit:  1.000000E+000  0.000000E+000  0.000000E+000
Efficiency Terms:  0.000000  0.000000  0.000000  0.000000  0.000000
  0.000000  0.000000  0.000000  0.000000  0.000000


SPECTRUM
     0:          0          0         53        226        215
     5:        258        245        242        222        258
    10:        252        268        244        243        262
    15:        272        272        275        277        280
    20:        290        258        266        271        258
    25:        263        274        281        256        279
    30:        292        284        321        297        286
    35:        350        322        309        345        327
    40:        343        347        363        354        375
    45:        379        430        382        434        406
    50:        462        423        423        471        479
    55:        492        488        506        486        478
    60:        540        542        567        606        560
    65:        567        611        588        632        624
    70:        636        628        697        659        700
    75:        676        758        748        731        828
    80:        779        820        772        836        782
    85:        791        845        811        795        841
    90:        803        816        845        857        821
    95:        814        776        845        801        885
   100:        799        859        821        772        835
   105:        803        797        823        784        819
   110:        830        808        841        748        854
   115:        796        777        774        775        803
   120:        838        825        798        846        804
   125:        789        774        796        816        842
   130:        774        773        788        792        738
   135:        762        796        780        736        773
   140:        732        811        774        753        795
   145:        776        811        802        853        746
   150:        812        788        769        761        773
   155:        787        742        753        702        715
   160:        744        751        736        727        788
   165:        742        766        793        742        725
   170:        727        725        712        697        711
   175:        725        685        676        699        727
   180:        686        696        683        707        715
   185:        713        656        713        683        705
   190:        640        661        661        677        681
   195:        675        620        697        669        634
   200:        650        668        654        645        628
   205:        642        650        606        593        668
   210:        618        616        653        587        588
   215:        625        625        593        594        630
   220:        635        572        640        596        561
   225:        595        622        601        557        572
   230:        582        615        569        572        572
   235:        598        561        576        592        546
   240:        585        636        559        561        575
   245:        628        572        562        542        613
   250:        586        568        577        562        569
   255:        525        580        580        553        589
   260:        530        554        524        552        536
   265:        540        520        490        537        501
   270:        520        513        511        506        518
   275:        531        498        500        486        487
   280:        513        472        456        436        475
   285:        430        482        466        465        448
   290:        503        436        469        450        444
   295:        466        428        443        444        454
   300:        428        444        432        428        486
   305:        398        437        449        426        430
   310:        453        418        457        411        384
   315:        402        382        412        418        429
   320:        412        422        417        414        431
   325:        403        427        394        428        405
   330:        356        395        388        359        362
   335:        373        382        354        394        377
   340:        364        354        366        371        336
   345:        314        363        338        341        349
   350:        313        318        324        352        367
   355:        320        337        324        341        291
   360:        312        301        315        331        341
   365:        289        335        286        302        282
   370:        339        294        311        290        282
   375:        323        287        300        264        266
   380:        261        290        295        305        259
   385:        289        264        283        285        245
   390:        274        280        275        274        247
   395:        281        239        250        274        258
   400:        274        254        273        289        283
   405:        256        268        266        275        258
   410:        249        250        266        230        249
   415:        258        248        202        275        255
   420:        217        255        249        241        229
   425:        240        219        256        245        228
   430:        254        249        245        242        230
   435:        255        234        215        223        244
   440:        228        241        229        253        210
   445:        184        209        222        234        196
   450:        216        226        210        203        239
   455:        218        222        171        188        220
   460:        206        229        208        233        221
   465:        204        226        221        212        210
   470:        232        183        189        210        211
   475:        207        212        180        212        213
   480:        201        219        176        196        201
   485:        229        212        212        213        201
   490:        210        223        208        217        213
   495:        207        207        199        194        203
   500:        201        206        201        208        207
   505:        189        190        179        161        200
   510:        199        200        188        163        187
   515:        186        200        183        189        191
   520:        162        164        183        187        187
   525:        164        180        149        170        178
   530:        157        159        160        166        172
   535:        147        158        192        164        164
   540:        169        154        172        149        147
   545:        159        160        155        155        156
   550:        176        152        165        170        152
   555:        158        163        160        142        171
   560:        133        164        133        135        147
   565:        149        137        160        144        159
   570:        143        182        159        148        132
   575:        122        143        154        125        152
   580:        142        141        160        143        138
   585:        154        128        158        158        155
   590:        139        176        155        150        143
   595:        141        140        149        141        167
   600:        147        159        143        142        140
   605:        134        122        139        128        135
   610:        129        151        131        137        122
   615:        165        141        159        137        147
   620:        153        132        117        147        139
   625:        143        144        148        103        133
   630:        144        120        124        146        152
   635:        125        130        128        107        139
   640:        115        112        149        133        141
   645:        153        118        129        117        120
   650:        122        106        115        130        118
   655:        129        109        124        125        117
   660:        102        125         98        122        100
   665:        109        131        114        123        101
   670:        111        108        108        104        100
   675:        107        102        106        104        104
   680:        126        106         98        118        128
   685:        108        112         92        112        108
   690:        101        102        123        109         92
   695:         89        107         99        107        116
   700:        115        108         86        104        101
   705:        101         99         97        107         70
   710:        107        113        113         92        113
   715:        115        109         88         93        114
   720:        103        113        104         95         96
   725:        106         95        111         91         71
   730:        104         89        106         98         90
   735:         98         96        107         79         80
   740:        106         90        103        102         80
   745:        103        101         97        100        101
   750:         82         97         95         93         98
   755:         73         67        100         97         83
   760:         85         74         80         94         94
   765:        108         99        102         77         88
   770:         88         99         90         95         92
   775:         93         72         92         96         70
   780:         83         85         82         95        102
   785:         81        102         88         87         87
   790:         90         90         80         98        111
   795:        105         94         97        104         89
   800:         83         86         92         91         99
   805:         83         91         90        100         81
   810:         96         90         90         90         82
   815:         97         97         82         81         99
   820:         98         94        100         99         89
   825:         90         91        106        103         86
   830:        103         84        101         99         91
   835:        107         88         94         98        100
   840:        108         90         95        114         83
   845:         99        113        113        101        115
   850:        104         99         97         95         99
   855:        101        111        107         87        110
   860:         98         99         95        109        105
   865:        100         91        104        115        100
   870:         98        124        100         95        134
   875:        118        105        104        108        119
   880:        139        116        119         98        118
   885:        124        129        127        126        118
   890:        108        134        163        143        168
   895:        149        168        167        157        178
   900:        159        166        178        179        169
   905:        172        181        205        190        224
   910:        203        211        230        206        255
   915:        241        237        265        258        265
   920:        261        245        295        291        262
   925:        300        308        320        299        313
   930:        346        326        341        345        360
   935:        347        380        349        355        415
   940:        339        352        350        391        363
   945:        367        370        383        392        394
   950:        373        415        374        404        383
   955:        356        355        341        355        336
   960:        362        331        310        333        325
   965:        346        357        307        313        318
   970:        340        293        259        276        263
   975:        249        280        238        248        255
   980:        220        207        186        183        201
   985:        186        165        163        152        139
   990:        147        140        118        135        133
   995:         89        103        102        100         94
  1000:         65         80         86         73         72
  1005:         81         65         62         73         47
  1010:         61         48         59         44         35
  1015:         51         26         46         51         33
  1020:         30         41         31         28         28
  1025:         26         30         42         33         24
  1030:         25         26         42         29         29
  1035:         25         29         19         25         20
  1040:         28         23         24         12         22
  1045:         22         21         25         23         33
  1050:         33         23         21         28         26
  1055:         24         24         24         19         25
  1060:         12         21         20         17         19
  1065:         19         15         18         17         19
  1070:         30         17         17         21         19
  1075:         16         29         30         18         14
  1080:         17         18         24         26         24
  1085:         18         22         18         27         21
  1090:         15         18         18         22         21
  1095:         20          7         23         22         20
  1100:         23         14         20         16         18
  1105:         18         19         21         19         15
  1110:         20         21         17         26         21
  1115:         19         20         17         23         20
  1120:         14         26         21         16         20
  1125:         15         15         20         16         19
  1130:         21         21         18         20         21
  1135:         19         14         24         20         24
  1140:         17         14         19         21         25
  1145:         15         15         17         17         23
  1150:         16         16         16         14         19
  1155:         16         15         16         22         19
  1160:         27         19         15         15         26
  1165:         15         24         29         20         17
  1170:         24         13         22         24         16
  1175:         20         15         15         17         13
  1180:         11         19         15         13         11
  1185:         25         11         14         14         25
  1190:         18         25         17         26         18
  1195:         14         13         13         20         13
  1200:         24         16         26         16         17
  1205:         12         28         10         18         21
  1210:         23         27         16         14         18
  1215:         15         22         21         16         20
  1220:         16         11         17         13         18
  1225:         14         14         15         11         16
  1230:         23         23         15         19         14
  1235:         22         24         17          9         12
  1240:         12         19         20         17         16
  1245:         11         20         10         15         18
  1250:         15         19         20         15         21
  1255:         16         16         16         20         23
  1260:         14         27         24         12         18
  1265:         28         18         17         20         22
  1270:         19         18         24         18         18
  1275:         20         11         19         17         15
  1280:         19         22         21         17         20
  1285:         20         14         26         12         17
  1290:         17         25         11         15         15
  1295:         14         20         20         21         26
  1300:         15         18         21         14         16
  1305:         20         26         18         29         24
  1310:         13         16         20         19         22
  1315:         19         20         22         18         17
  1320:         19         18         17         13         23
  1325:         15         23         28         23         12
  1330:         15         22         17         17         19
  1335:         20         17         13         22         19
  1340:         24         23         15         22         19
  1345:         11         21         12         12         16
  1350:         21         15         23         14         19
  1355:         19         19         20         19         13
  1360:         18         14         12         16         27
  1365:         18         17         17         17         11
  1370:         24         17         18         20         17
  1375:         24         11         16         14         17
  1380:         16         12         14         16         22
  1385:         15         21         15         18         20
  1390:         26         16         20         25         13
  1395:         14         18         21         19         20
  1400:         20         21         22         17         14
  1405:         15         12         20         15         13
  1410:         16         12         21         18         12
  1415:         21         11         13         16         20
  1420:         24         16          9         19         15
  1425:         13         14         13         19         13
  1430:         11          7          7         16         12
  1435:         14         15         11         16          8
  1440:         10         11         13         10         12
  1445:         10         11          9         14         13
  1450:         16         11          8          9         13
  1455:         13         11         13         15         23
  1460:          9         16          9         15          7
  1465:         15         14         12         13         11
  1470:         16         15         15          7         13
  1475:         16          7         12         12         14
  1480:         16         17         13          7         18
  1485:          8          9          6         11         15
  1490:         20         11         10         20         14
  1495:         14          9          8          5          5
  1500:         20         11         13         16          9
  1505:          7         18          5          7         13
  1510:         12         13         19          9          8
  1515:         15         15         10          9         16
  1520:         15         11         15          9         11
  1525:          8         13         14          7         16
  1530:         12         14          7          7         18
  1535:         14         13         17         19         16
  1540:         10         16         14         16         12
  1545:         17          8         17         15         14
  1550:         10         12         14         14          8
  1555:         16         12         13         17         13
  1560:         16         17          9          8         17
  1565:          9          9         13         17         12
  1570:         19          6         12         12         14
  1575:         19         17         12         28         13
  1580:         14         17         12         14         17
  1585:         10          9         11         20         14
  1590:         14         22         13         12         17
  1595:         14         12         16         15         13
  1600:         10         12         16         10         15
  1605:         17         10         22         17         15
  1610:         13         10         15         15          8
  1615:         14         19         19         11         19
  1620:         19         16         17         11         14
  1625:         18          8         14         13         12
  1630:         16         14         10         15         17
  1635:         13         10         11          7         10
  1640:         17         15         13         11         19
  1645:         14         11          6          7         22
  1650:          8         16         13         10         14
  1655:         10          8         10          6          7
  1660:         10         12          9          8         14
  1665:         11         17         10          9         18
  1670:         16         10         12         14         12
  1675:          8         14         11         12         11
  1680:         14         10         12          7         17
  1685:         11         14         11          9          6
  1690:         10         10         11          9          5
  1695:         11          8         11         10         16
  1700:         13          9         14         13         10
  1705:          6          9          8         17          9
  1710:         11         13         11          8          9
  1715:         10         11         10         11          6
  1720:          6         10         16         11         13
  1725:         11          7         12          8         13
  1730:         13          9         15         14         11
  1735:          9         10         13         11          6
  1740:         12         10         18         12          6
  1745:         14          8         13         13          9
  1750:         12          8          7          7         12
  1755:         14          4          9         11         13
  1760:          8          6          8          8         12
  1765:          7          4          9          9         11
  1770:         12          7         13          6         13
  1775:         11          3         12          5          9
  1780:          3          1          6         11          4
  1785:          6          8          6          3         17
  1790:          5         12          6          7          9
  1795:          8          4         11          6          4
  1800:         10          5          7          9         10
  1805:          8         11          4          8          8
  1810:          7          8          3         10          9
  1815:          7          6          7          5          9
  1820:          7          7          5          5          7
  1825:          6          6          3          5          5
  1830:          4          6          9          4         10
  1835:          6          6          9         10         11
  1840:          6          9          8          3          7
  1845:          4          8          6          7          5
  1850:         12         10          7          5          7
  1855:          5          5          5          3          2
  1860:          6          6          6          8          9
  1865:          6          9          7          5          7
  1870:         12          3          6          9          7
  1875:          3          4         10          8          5
  1880:          8          6          3         10          9
  1885:          6          7          5          3          7
  1890:          9          8          2          5          5
  1895:          6          5          5          5          2
  1900:          7          3          7          7          6
  1905:          7          5          3          6          6
  1910:          2          4          4          6          2
  1915:          9         12          6          6          3
  1920:          6          1         10          8         13
  1925:          3          8          5         11          6
  1930:          7          3          4          3          7
  1935:          8         11          3          5          6
  1940:          2          6          6          6          3
  1945:          8          5          5          6          6
  1950:          7          5         11          8          6
  1955:          5         14         12          5          4
  1960:         13          5         14          7         12
  1965:          7          7          6          6          6
  1970:          8          7          7          9          8
  1975:          6          9          7          4         11
  1980:          4         12         16          8         11
  1985:          3          8          5          9          8
  1990:          8          5         14          5          5
  1995:          8         10         12         11          9
  2000:         12         17         72         66         62
  2005:         70         50         54         61         62
  2010:         55         59         63         53         64
  2015:         65         46         64         63         59
  2020:         46         58         57         62         39
  2025:         58         54         43         48         43
  2030:         56         51         55         49         43
  2035:         58         34         51         40         48
  2040:         37         39         45         34         40
  2045:         24         27         36
