ACQUISITION INFORMATION

Detector ID:  1
Detector description:
LAB4C1 MCB 1
Sample description:
Assorbimento
Real Time:  2100.359953
Live Time:  2095.519953
Acquisition start date:  04Nov2019
Acquisition start time:  10:04:52
Starting channel number:   0
Number of channels:   2048


CALIBRATION INFORMATION

ENERGY CALIBRATION
Units:
Energy Fit:  0.000000E+000  1.000000E+000  0.000000E+000
FWHM Fit:  1.000000E+000  0.000000E+000  0.000000E+000
Efficiency Terms:  0.000000  0.000000  0.000000  0.000000  0.000000
  0.000000  0.000000  0.000000  0.000000  0.000000


SPECTRUM
     0:          0          0         44        218        209
     5:        224        224        231        239        239
    10:        249        244        230        248        264
    15:        257        281        250        257        260
    20:        247        245        239        281        247
    25:        251        256        277        297        255
    30:        296        307        295        316        288
    35:        317        290        309        328        313
    40:        312        359        318        353        356
    45:        371        389        349        402        397
    50:        410        423        473        455        467
    55:        478        491        483        465        483
    60:        530        485        517        550        578
    65:        548        574        586        644        628
    70:        678        669        622        709        705
    75:        737        741        736        757        704
    80:        775        739        768        806        802
    85:        804        819        824        858        807
    90:        822        838        803        857        824
    95:        791        864        850        819        810
   100:        805        813        764        793        795
   105:        811        835        772        730        827
   110:        763        769        810        787        787
   115:        821        805        797        840        762
   120:        782        739        787        745        817
   125:        786        724        760        757        742
   130:        793        765        799        807        788
   135:        797        816        715        776        763
   140:        761        789        738        794        741
   145:        755        763        742        779        754
   150:        742        778        698        799        755
   155:        727        747        715        771        772
   160:        748        726        764        736        746
   165:        728        711        701        721        734
   170:        726        721        716        689        751
   175:        714        754        677        735        722
   180:        748        654        670        660        662
   185:        725        680        712        646        699
   190:        672        687        653        657        649
   195:        654        645        658        658        646
   200:        616        692        607        663        652
   205:        633        642        621        654        632
   210:        575        605        590        630        595
   215:        602        599        628        631        593
   220:        605        571        568        597        611
   225:        587        581        615        636        557
   230:        590        594        636        584        578
   235:        586        564        598        565        593
   240:        570        618        552        581        553
   245:        570        557        536        577        561
   250:        509        565        551        543        569
   255:        526        594        554        523        524
   260:        510        536        512        531        552
   265:        491        522        554        489        494
   270:        541        486        491        493        475
   275:        469        511        511        483        471
   280:        484        462        496        472        511
   285:        437        447        434        470        445
   290:        446        460        477        457        424
   295:        426        444        422        434        453
   300:        422        443        413        382        435
   305:        435        447        395        409        417
   310:        417        424        437        415        392
   315:        406        429        407        406        365
   320:        421        415        434        392        410
   325:        372        374        411        408        426
   330:        360        350        415        385        375
   335:        372        389        354        353        330
   340:        384        387        360        393        370
   345:        331        343        371        317        323
   350:        308        308        345        354        324
   355:        318        311        296        328        306
   360:        315        287        268        295        310
   365:        276        304        288        270        279
   370:        250        313        277        283        294
   375:        260        302        284        300        284
   380:        263        290        265        295        284
   385:        266        282        307        282        271
   390:        254        255        271        255        237
   395:        267        259        259        264        249
   400:        249        246        260        253        254
   405:        223        231        262        254        274
   410:        244        272        215        252        258
   415:        225        251        228        227        253
   420:        243        213        252        250        234
   425:        242        237        278        220        230
   430:        205        243        243        199        198
   435:        203        227        229        228        208
   440:        230        209        215        213        211
   445:        204        222        207        218        207
   450:        189        221        194        212        225
   455:        221        185        190        231        201
   460:        235        242        219        222        205
   465:        204        180        198        214        191
   470:        194        179        165        206        208
   475:        204        231        203        215        230
   480:        200        189        228        214        202
   485:        209        207        189        204        188
   490:        192        175        210        194        203
   495:        188        214        222        194        202
   500:        187        195        173        201        188
   505:        188        184        186        170        189
   510:        195        205        152        185        169
   515:        189        176        183        171        177
   520:        173        169        159        179        165
   525:        159        181        163        166        171
   530:        155        162        152        148        178
   535:        148        167        155        170        154
   540:        145        162        155        158        153
   545:        145        155        151        146        155
   550:        133        139        143        146        152
   555:        161        126        131        111        140
   560:        156        132        149        137        142
   565:        137        136        157        130        136
   570:        156        160        153        123        151
   575:        153        132        146        126        136
   580:        121        135        115        140        151
   585:        140        152        161        143        152
   590:        139        124        129        134        154
   595:        143        131        145        145        133
   600:        129        120        134        110        131
   605:        149        135        124        121        135
   610:        144        132        115        140        117
   615:        131        120        137        108        126
   620:        128        122        148        119        121
   625:        123        105        113        113        128
   630:        101        110        124        152        117
   635:        108        124        124        119        127
   640:        111        121         99        120        127
   645:        126        141        131        117        124
   650:         86        133        115        119        124
   655:        128         99        130        114        114
   660:        104        109        106         96        111
   665:        122        105        112        109        115
   670:        117         90        110        120         99
   675:        102        114        107         95        109
   680:        103        106         95        103        101
   685:         90         95         93        118         91
   690:        106         96         89        110         92
   695:        106         91        123         99        107
   700:         99        109        114         97         99
   705:         88        107         94         91        108
   710:         98         92         99        100        120
   715:         91        100         95         93         99
   720:         77        105         86         93         77
   725:        104         88        103        101         86
   730:         91         98        106         92         87
   735:         96         87         94         96         99
   740:         89         93         87         92         90
   745:         94         97         82         82         80
   750:         83         92         75         86         83
   755:        115         83        102         84         80
   760:         81         95         88         91         75
   765:        102         75         74         68         78
   770:         80         80        101        100         74
   775:         73         80        101         92         92
   780:         88         80         85         81         90
   785:         88         95         90         92         88
   790:         75         82         89         89         70
   795:         77         82         91         67         83
   800:         84         81         79         79         90
   805:         93         82         85         82         62
   810:         75         93        106         75         96
   815:         94        104         90         85         91
   820:         94         88         92         88         88
   825:         94         91         91        110         88
   830:         91         97         85        103        108
   835:         90        118         85        106         88
   840:         98        104         97        103         95
   845:         96         93         77         91        101
   850:         86         87         95        102         94
   855:         95         92         92         84         93
   860:         81         83        114         92         91
   865:         96        116        108         87         90
   870:         88        116         97        102         95
   875:        103        117        100         87        122
   880:        105        105        115        108        123
   885:         95        114        113        106        121
   890:        117        129        130        124        147
   895:        128        134        133        151        139
   900:        146        147        145        149        165
   905:        183        191        163        180        184
   910:        184        193        213        184        211
   915:        224        209        224        224        222
   920:        231        236        252        243        270
   925:        242        248        270        266        282
   930:        296        307        278        300        288
   935:        302        318        283        295        340
   940:        275        326        355        345        306
   945:        297        341        352        326        346
   950:        343        311        344        357        333
   955:        336        326        349        332        327
   960:        264        299        299        327        283
   965:        313        324        290        291        307
   970:        279        229        248        242        222
   975:        228        245        205        219        196
   980:        199        188        185        151        153
   985:        192        165        161        167        140
   990:        141        126        119        137        122
   995:         92        120         87         79         95
  1000:         91         94         84         57         71
  1005:         68         67         64         61         51
  1010:         39         49         60         49         50
  1015:         45         42         35         41         27
  1020:         39         25         33         34         36
  1025:         31         41         31         39         30
  1030:         18         27         39         21         22
  1035:         15         30         24         20         28
  1040:         22         20         26         25         40
  1045:         18         21         29         26         15
  1050:         21         21         23         25         25
  1055:         13         24         20         22         27
  1060:         21         19         39         21         26
  1065:         21         17         25         21         23
  1070:         18         20         20         24         24
  1075:         25         17         24         17         22
  1080:         16         22         17         20         21
  1085:         21         13         19         16         11
  1090:         22         23         25         19         25
  1095:         19         24         24         19         25
  1100:         21         23         14         21         19
  1105:         18         15         26         21         21
  1110:         12         19         18         17         17
  1115:         16         12         17         24         12
  1120:         18         18         15         26         18
  1125:         19         11         16         25         25
  1130:         13         16         21         15         16
  1135:         24         18         16         18         27
  1140:         24         12         21         18         23
  1145:         18         20         21         17         18
  1150:         20         19         10         11         21
  1155:         24         15         16         17         15
  1160:         25         21         15         18         18
  1165:         18         22         10         18         31
  1170:         18         12         21         20         18
  1175:         13         24         15         21         19
  1180:         12         14         11         13         37
  1185:         16         27         17         21         25
  1190:         14         18         19         21         20
  1195:         19         26         20         17         18
  1200:         15         23         21         24         19
  1205:         16         16         22         22         12
  1210:         10         17         18         13         16
  1215:         15         18         19         16         16
  1220:         16         12         22         25         22
  1225:         10         16         16         15         19
  1230:         11         15         24         14         22
  1235:         14         11         21         17         19
  1240:          9         18         12         20         18
  1245:         18         19         16         18         23
  1250:         13         11         22         19         13
  1255:         14         18         12         17         25
  1260:         14         16         26         18         12
  1265:         19          9          8         18         16
  1270:         13         21         22         22         28
  1275:         14         20         20         18         24
  1280:         19         17         24         22         18
  1285:         22         18         27         20         18
  1290:         13         16         20         16         22
  1295:         18         17         27         12         18
  1300:         25         21         17         25         24
  1305:         27         25         16         17         20
  1310:         19         12         15         19         22
  1315:         18         31         28         17         20
  1320:         16         28         25         21         24
  1325:         17         13         22         14         19
  1330:         21         15         20         25         23
  1335:         19         22         21         24         15
  1340:         14         17         14         18         14
  1345:         23         20          9         16         12
  1350:         17         25         15         23         12
  1355:         17         15         20         15         15
  1360:         20         22         18         17         21
  1365:         13         15         18         15         21
  1370:         22         22         23         21         25
  1375:         20         29         11         17         21
  1380:         14         16         22         15         18
  1385:         17         11          8         14         14
  1390:         16         18         16         15         13
  1395:         19         20         16         20         15
  1400:         14         12         13         10         10
  1405:         16         17          8         15          9
  1410:         15         14         21         17         15
  1415:          8         12         15         15         19
  1420:         14         19         15         11         11
  1425:          7         16         11         12         10
  1430:         11         15         16         11         11
  1435:         15         14         19         15         17
  1440:         15         17         15         16         12
  1445:         15         15         13         13         14
  1450:          9          9         12         10         10
  1455:         12         12         12         15         10
  1460:         18         17          8          6         15
  1465:         18         11         10         14         17
  1470:         15         11          9          9         14
  1475:         14         10         13         15         12
  1480:         12         16          7          7         17
  1485:         10         17         11         16         13
  1490:         11         13         12         11         13
  1495:         10         13         13         14         14
  1500:         17         10         10         19         10
  1505:         13          8         14          8         11
  1510:         12          8          8          9         15
  1515:         13         11          7         14          8
  1520:          7          6         17          7         12
  1525:         11          7          9         11         14
  1530:         11         13         11         10         11
  1535:          8         15          7         16         16
  1540:         14         14          8          7          9
  1545:          7          8         16         14         16
  1550:         17         10          7         17         12
  1555:         14         14         17         11         15
  1560:          8          9         16         10         19
  1565:          9          9         14         15         14
  1570:         10         12         13         15         15
  1575:         16         13         15         15         14
  1580:          8         17         15         10          9
  1585:         12         19          7         12         13
  1590:          8         14         14         11         13
  1595:         13         13          5          8         12
  1600:         16         14         13         15         15
  1605:         14         16         12         10         13
  1610:         12         15         12         14          9
  1615:         19         13         15         18         10
  1620:         13         19         13         16         10
  1625:         12         12         11         13         12
  1630:         26         15         10         15         21
  1635:         15         14          9          9         12
  1640:         15         15         14          7         19
  1645:         10         10         14         13          7
  1650:         11         10         11         15         12
  1655:         18         12         21          9         13
  1660:          7         13         19         10         14
  1665:         13         11          8         16         10
  1670:         12         14          9         22         13
  1675:         16          9         10         11         10
  1680:         14         13         13          9          6
  1685:         14         13         10         19          9
  1690:          8         11         16         11         12
  1695:         11         10         10          5         14
  1700:         11          3          4         15          6
  1705:         10         10          5         11          8
  1710:          8         13          9         10         12
  1715:         12         12          7          9         12
  1720:         14          3          8          8          5
  1725:         14         12         10          7          8
  1730:          8          8         13         10          6
  1735:         13         10         11          3         10
  1740:         11          9         12          9          4
  1745:         12         16         12         11         12
  1750:         12          6         12          7         11
  1755:          8          7          6         10         10
  1760:         12          7          9          7         10
  1765:          9          6         10          5          9
  1770:         15          9         12          6          9
  1775:          6         12          8          7          6
  1780:         12          7          6         12         10
  1785:          6         14          7          7         12
  1790:          6          7          7         10          6
  1795:          6         12         11          4          9
  1800:          7          8          2         12          2
  1805:          9          4          9          4          7
  1810:          7          8          8         13          8
  1815:         11          6         13         11          7
  1820:         12          8         11         11          7
  1825:          8          7         13          9          5
  1830:          9          6          7         13          8
  1835:          5         12          4          9         14
  1840:          9          6          2         10         12
  1845:          8          8          8          6          8
  1850:          8         10          1          3          2
  1855:          4          6          5          6         10
  1860:         10          8          3         11         10
  1865:          6          6          6          8          7
  1870:          8          6          7          7          5
  1875:          4          6          5          5          3
  1880:          5          3          7          2          7
  1885:          8          4          6          5          9
  1890:          7          7          3         14          5
  1895:          8          7          9          3          8
  1900:          4          5          7          4          7
  1905:          4          8          6          4          9
  1910:         10         12          4          5         10
  1915:          5          6          3          5          8
  1920:          8          6          4         10          5
  1925:          5          4          2          6          6
  1930:          4          4          8          4          5
  1935:         11          7          3          5          6
  1940:          4          6          3          4         11
  1945:         11          3          5          6          8
  1950:          3          5          7          9          8
  1955:          4          5          5          6          4
  1960:          5         10          7         11          2
  1965:          4          5          8          7          5
  1970:          5          4          7          7          5
  1975:         10          6          8         10          5
  1980:         12         13         12          9         12
  1985:          8          7          7          6          8
  1990:          9         13          7         17         14
  1995:          9          6         14         11          9
  2000:         11         23         77         66         59
  2005:         50         58         56         57         52
  2010:         62         60         69         57         56
  2015:         57         50         45         54         53
  2020:         47         68         55         51         65
  2025:         45         55         42         52         45
  2030:         47         46         46         45         50
  2035:         35         38         58         41         56
  2040:         33         43         42         46         35
  2045:         38         30         29          0         0
