ACQUISITION INFORMATION

Detector ID:  1
Detector description:
LAB4C1 MCB 1
Sample description:
Assorbimento
Real Time:  2100.359953
Live Time:  2095.759953
Acquisition start date:  04Nov2019
Acquisition start time:  09:27:54
Starting channel number:   0
Number of channels:   2048


CALIBRATION INFORMATION

ENERGY CALIBRATION
Units:
Energy Fit:  0.000000E+000  1.000000E+000  0.000000E+000
FWHM Fit:  1.000000E+000  0.000000E+000  0.000000E+000
Efficiency Terms:  0.000000  0.000000  0.000000  0.000000  0.000000
  0.000000  0.000000  0.000000  0.000000  0.000000


SPECTRUM
     0:          0          1         34        234        213
     5:        204        223        222        216        224
    10:        253        252        247        234        281
    15:        230        251        262        253        245
    20:        259        232        277        239        270
    25:        272        240        253        255        269
    30:        283        268        266        286        331
    35:        307        313        327        309        376
    40:        334        314        330        355        343
    45:        386        349        375        414        377
    50:        402        427        422        463        443
    55:        458        480        520        501        522
    60:        529        510        544        570        577
    65:        573        588        574        558        629
    70:        665        655        711        675        691
    75:        691        713        706        710        747
    80:        745        764        813        733        820
    85:        770        786        839        761        789
    90:        823        837        837        747        766
    95:        799        768        776        776        794
   100:        727        807        833        793        816
   105:        811        840        846        762        782
   110:        790        812        817        767        756
   115:        794        755        743        727        777
   120:        843        801        725        788        745
   125:        771        737        760        790        805
   130:        808        741        730        780        775
   135:        717        745        765        759        803
   140:        737        756        743        770        777
   145:        730        754        803        774        744
   150:        793        756        773        766        757
   155:        740        754        730        734        759
   160:        740        718        706        706        726
   165:        695        746        684        749        692
   170:        670        673        719        735        682
   175:        694        723        664        731        691
   180:        655        675        686        673        666
   185:        642        664        651        579        688
   190:        661        666        677        666        642
   195:        650        651        606        641        663
   200:        627        628        622        567        603
   205:        615        638        582        637        626
   210:        605        590        607        610        608
   215:        598        598        616        554        574
   220:        589        560        579        565        559
   225:        574        592        591        556        590
   230:        580        579        585        560        529
   235:        544        544        530        545        542
   240:        571        597        588        509        611
   245:        577        556        511        563        598
   250:        552        572        537        579        551
   255:        537        568        537        553        542
   260:        533        536        508        551        549
   265:        525        543        524        489        483
   270:        521        527        517        498        484
   275:        476        482        467        428        407
   280:        478        455        449        473        428
   285:        477        474        452        424        469
   290:        456        428        447        450        428
   295:        431        443        423        398        404
   300:        434        395        444        391        431
   305:        418        420        390        391        426
   310:        393        420        401        381        395
   315:        387        389        384        359        409
   320:        400        394        410        394        379
   325:        393        388        387        380        344
   330:        386        354        353        371        378
   335:        343        389        343        345        374
   340:        324        325        344        364        345
   345:        324        349        331        330        302
   350:        297        329        320        332        309
   355:        326        301        296        298        306
   360:        259        299        286        317        282
   365:        275        297        246        293        272
   370:        291        298        242        261        289
   375:        265        277        261        279        267
   380:        243        254        289        261        278
   385:        259        269        275        279        236
   390:        274        268        225        247        213
   395:        254        259        256        251        245
   400:        243        264        274        231        232
   405:        239        274        234        251        261
   410:        261        246        249        232        248
   415:        278        237        243        249        248
   420:        238        237        214        240        189
   425:        218        254        241        227        234
   430:        219        214        214        240        198
   435:        228        218        215        214        205
   440:        199        203        187        241        193
   445:        181        209        208        209        200
   450:        196        188        213        217        182
   455:        185        186        195        173        186
   460:        204        168        197        193        178
   465:        206        211        200        196        189
   470:        193        193        173        205        180
   475:        206        201        198        189        194
   480:        196        203        186        210        183
   485:        213        189        176        199        184
   490:        193        202        189        195        200
   495:        186        217        200        182        188
   500:        192        196        200        193        188
   505:        166        188        162        191        184
   510:        163        173        164        174        159
   515:        170        176        168        164        172
   520:        147        160        134        156        165
   525:        170        161        157        159        148
   530:        135        117        140        121        124
   535:        146        145        162        141        140
   540:        159        145        157        137        141
   545:        153        137        139        135        127
   550:        144        142        136        117        134
   555:        135        146        123        143        128
   560:        119        144        128        143        134
   565:        152        144        127        148        134
   570:        134        130        148        143        139
   575:        135        141        142        137        123
   580:        131        142        141        141        126
   585:        141        143        132        121        127
   590:        132        124        140        124        141
   595:        115        150        112        114        118
   600:        118        122        137        134        114
   605:        117        122        119        117        103
   610:        101        121        118        112        119
   615:        126        123         96        144        141
   620:        126        124        118        112        134
   625:        137        127        107        141        108
   630:        108        120        118        114        120
   635:        113        108        111        114         94
   640:        107        113        111        102        100
   645:        111        114        108        129        120
   650:        101        130         97        107        104
   655:        118        110        124         92        111
   660:        105        106        103        120        106
   665:        106        103         96        109         93
   670:        105         97         97        105         77
   675:        121         96         82         89         96
   680:        106        103         86         94         96
   685:         87        103         96         92         92
   690:         84         88        100         78         96
   695:         91        106        105        108         96
   700:         81        100         91        100         92
   705:         87         83         90         93        103
   710:         97         91         97         88         80
   715:         74         86         91         88         90
   720:         71        104         92         98         99
   725:        108         92         85         84         84
   730:        101        104         86        103         84
   735:         79        101         84         96         90
   740:        107         74         82         85         86
   745:         87         92         83         84         87
   750:         73        101         79         86        103
   755:         67         77         78         91         88
   760:         90         68         94         92         77
   765:         77         84         94         76         76
   770:         62         83         85         75         96
   775:         80         82         65         88         74
   780:         87         84         94         88         96
   785:         75         76         84        101         84
   790:         86         75         69         70         77
   795:         72         78         85         74         68
   800:         82         78         90         80         83
   805:         75         87         81         84         85
   810:         93         79         79         74         86
   815:         84         75         79         86         86
   820:         86         93         74         90         80
   825:         83         82         79         86         91
   830:         84         93         74         98         86
   835:         77         84         86        103        104
   840:         84         92         80         96         82
   845:         73         98         96         88         73
   850:         86        103         84         93         80
   855:         91         88         80         89         89
   860:        106         99        100         77         98
   865:         86         88         94         94         87
   870:         86        103         90         89         82
   875:        109         97        100        111        103
   880:        109         78        111         97         91
   885:         91         94         91         92         98
   890:        123        105         98        103        127
   895:        118        120        136        132        124
   900:        137        128        119        130        130
   905:        136        156        150        141        145
   910:        148        165        148        158        165
   915:        165        174        174        186        187
   920:        186        193        147        196        207
   925:        222        214        206        206        227
   930:        235        242        259        238        249
   935:        271        257        276        259        244
   940:        257        258        269        279        278
   945:        285        295        276        295        306
   950:        296        318        284        261        290
   955:        298        279        283        251        301
   960:        252        269        309        266        257
   965:        245        249        266        246        270
   970:        241        215        218        214        210
   975:        215        206        198        188        222
   980:        207        185        184        159        175
   985:        144        165        151        162        123
   990:        157        146        125        120        120
   995:         92         96         88         84         92
  1000:         97         91         86         62         62
  1005:         70         54         56         66         59
  1010:         66         66         52         45         49
  1015:         58         42         32         37         34
  1020:         28         52         30         40         33
  1025:         21         42         19         30         29
  1030:         35         36         29         26         27
  1035:         38         23         15         28         29
  1040:         30         20         19         21         27
  1045:         19         30         23         33         25
  1050:         22         28         22         18         21
  1055:         17         23         23         25         23
  1060:         16         26         16         21         24
  1065:         29         27         22         20         26
  1070:         25         16         29         29         28
  1075:         21         22         24         15         20
  1080:         19         18         22         34         17
  1085:         17         31         18         24         23
  1090:         29         24         21         28         20
  1095:         21         14         19         11         25
  1100:         16         17         22         22         22
  1105:         14         20         20         22         15
  1110:         28         20         19         23         19
  1115:         19         20         24         17         20
  1120:         23         15         24         30         23
  1125:         30         24         15         22         24
  1130:         19         18         18         23         20
  1135:         21         19         22         20         19
  1140:         20         14         23         18         20
  1145:         10         13         17         24         18
  1150:         22         17         19         14         20
  1155:         28         11         23         25         14
  1160:         19         21         29         24         25
  1165:         20         17         25         13         18
  1170:         23         16         18         14         20
  1175:         19         17         20         14         15
  1180:         19         17         10         16         15
  1185:         16         13         14         16         17
  1190:         17         23         18         16         25
  1195:         16         17         16         16         20
  1200:         10         20         15         20         18
  1205:         15         21         22         24         16
  1210:         15         16         25         22         16
  1215:         21         15         18         18         16
  1220:         20         18         14         13         22
  1225:         19         18         20         23         23
  1230:         18         17         17         20         21
  1235:         22         22         20         14         20
  1240:         23         12         23         24         17
  1245:         13         21         28         20         20
  1250:         10         23         20         17         13
  1255:         19         16         19         18         18
  1260:         19         13         22         15          8
  1265:         27         23         19         17         12
  1270:         11         20         19         24         27
  1275:         18         16         22         16         18
  1280:         10         12         14         18          9
  1285:         32         16         17         25         26
  1290:         22         19         18         14         21
  1295:         23         15         20         18         19
  1300:         17         16         16         19         27
  1305:         24         14         19         19         16
  1310:         24         20         21         19         16
  1315:         20         13         29         20         21
  1320:         16         12         17         18         21
  1325:         19         15         25         13         20
  1330:         13         20         16         22         19
  1335:         18         24         20         17         20
  1340:         13         12         19         18         16
  1345:         15          8         21         16         11
  1350:         18         19         18         15         12
  1355:         14         21         16         15         20
  1360:         14         14         13         24         19
  1365:         13         11         17         16         23
  1370:         19         23         13         19         23
  1375:         15         17         17         19         12
  1380:         24         12         15         14         13
  1385:         17         13         20         25         15
  1390:         16         13         11         20         14
  1395:         18         11         18         15         10
  1400:         21         17         14         18          9
  1405:         12         13          9         14         11
  1410:         13          9         20         13         13
  1415:         18         19         14         18         16
  1420:         21         17         16         10         17
  1425:         18         14          9         17         16
  1430:         16         10         23         14         16
  1435:          8         13         12         15          8
  1440:         15         13         16         11         10
  1445:         17          8         14          9         13
  1450:         15         13         10         12         12
  1455:         13         14         12         15         11
  1460:         16         10         13         11         10
  1465:         12         16         13         10         10
  1470:         15         11         19         13         10
  1475:          6         21         17         14          9
  1480:         16          6         11         10         16
  1485:         10         16         13         13         16
  1490:         14          8         17         19         26
  1495:         12          7         11         11          6
  1500:         12         12          7         13         14
  1505:          9         11         15         14         10
  1510:         10         13         11         14         12
  1515:         11         17          9          5         16
  1520:          9         12          6         10         16
  1525:         11         15         11         15         16
  1530:         14         12         16         13          7
  1535:         12         13         17         12         17
  1540:         11         11          9         14          8
  1545:         11         12         16         12         13
  1550:         11         16         10         10         10
  1555:         19         11          9         13         14
  1560:          9         15         16         12         10
  1565:          8         11         17         13         11
  1570:         10          9         15         13         17
  1575:         14         22         13         11         19
  1580:         12         12         16         12         15
  1585:         11         15         10         16         11
  1590:         17         14         13         13         18
  1595:          9         13         14          9         12
  1600:         12         15         16          7         11
  1605:         16         17          6         16         10
  1610:         14          9         20         12          8
  1615:         14         13         10         15         14
  1620:         17         16         20         15         10
  1625:         15         18         16         11         11
  1630:         11         13         12          8         13
  1635:         15         14          9         18         20
  1640:         15         12         10         19          8
  1645:          8         12         14         10         11
  1650:         12          6         17         10         16
  1655:          8         11          6         18         12
  1660:         17          8         17          8         10
  1665:          8         19         14         15         12
  1670:         19         14          4         13         19
  1675:         11          7         13         10         12
  1680:         10         15         12         10         11
  1685:          5         13          7         10         14
  1690:          7         18         14         14         14
  1695:         17          9         10         12         10
  1700:         14         11          8         11         14
  1705:         10         14         12         16         12
  1710:         12         11          4         14         15
  1715:         12         16         10         14          8
  1720:         17         16          6         12          9
  1725:         14         14          8          6         10
  1730:          9          4         11          9         10
  1735:         10          2          5          7          9
  1740:          7          8         12          6         17
  1745:          6          3          8         10         12
  1750:          9         10         13         13          8
  1755:         17          7          7          9          8
  1760:          8         11         12          9          8
  1765:         13          7          8          9          5
  1770:          8         12          9         10          5
  1775:          8         12          8          5          5
  1780:          6          7          7         12         13
  1785:          7          8          5          5          4
  1790:          6         11          8         13         12
  1795:          5          5          9         14         14
  1800:          6          8          7          4          5
  1805:          6          9          8          4          6
  1810:          5          7          9          9          9
  1815:          8         13         13          6          6
  1820:          9          2          5         10          6
  1825:          9          7         10          8          7
  1830:         11          9          9          6          9
  1835:          4         10          7          5          5
  1840:         11          6          8          3          6
  1845:          7          4         13          7         11
  1850:         10          5          6          4          5
  1855:          4          6          6          5          8
  1860:          4          4          6          7          6
  1865:          6          7          7          8          5
  1870:          8          4          3          3          7
  1875:          8         11          4          1          4
  1880:          6          9          5          6          6
  1885:          7          7          4          6          7
  1890:          4          2          8          7          8
  1895:          4          6          5          6          5
  1900:          6          6          7          3          3
  1905:          7          4          5          6          6
  1910:          1         10          3          4          8
  1915:          2          3          8          5          2
  1920:          5          6          8          5          4
  1925:          4          8         11         11          6
  1930:          4          3          6         10          2
  1935:          5          4          9          4          6
  1940:          7          6          7          6          3
  1945:          5          8          6         10          5
  1950:          5          9          2          7          6
  1955:          6          8          7          8          2
  1960:         11          4          7          4          5
  1965:          5          2          9          6         10
  1970:          6          7          3          8          6
  1975:          8          8          7          7          7
  1980:          9          6          7          3          5
  1985:         12          8          3          5          4
  1990:          5         12          7         10          5
  1995:          8          6         11         11          9
  2000:          9         19         66         50         54
  2005:         54         66         61         57         66
  2010:         51         55         60         52         56
  2015:         65         63         62         52         57
  2020:         55         53         57         60         52
  2025:         43         60         50         47         46
  2030:         47         43         46         54         45
  2035:         46         45         50         52         40
  2040:         45         39         45         31         33
  2045:         37         42         38          0          0
