ACQUISITION INFORMATION

Detector ID:  1
Detector description:
LAB4C1 MCB 1
Sample description:
Assorbimento
Real Time:  2100.359953
Live Time:  2095.079953
Acquisition start date:  04Nov2019
Acquisition start time:  11:56:15
Starting channel number:   0
Number of channels:   2048


CALIBRATION INFORMATION

ENERGY CALIBRATION
Units:
Energy Fit:  0.000000E+000  1.000000E+000  0.000000E+000
FWHM Fit:  1.000000E+000  0.000000E+000  0.000000E+000
Efficiency Terms:  0.000000  0.000000  0.000000  0.000000  0.000000
  0.000000  0.000000  0.000000  0.000000  0.000000


SPECTRUM
     0:          0          0         51        237        258
     5:        260        248        269        267        287
    10:        276        261        257        292        274
    15:        299        277        282        304        277
    20:        316        270        274        278        275
    25:        280        292        319        295        291
    30:        298        326        302        327        315
    35:        353        335        367        336        347
    40:        369        370        408        383        399
    45:        419        408        423        445        395
    50:        463        458        444        477        505
    55:        468        539        555        539        533
    60:        519        600        584        577        630
    65:        646        624        658        670        717
    70:        703        710        732        742        759
    75:        778        781        769        808        830
    80:        816        818        814        851        833
    85:        887        868        865        921        847
    90:        812        855        794        834        862
    95:        869        849        857        810        822
   100:        862        838        908        841        861
   105:        807        853        802        803        847
   110:        797        881        801        796        800
   115:        853        826        868        750        804
   120:        788        838        850        794        873
   125:        777        838        848        848        838
   130:        799        821        791        794        797
   135:        782        797        802        818        796
   140:        863        785        801        780        797
   145:        750        857        783        760        824
   150:        832        792        792        781        791
   155:        791        750        791        789        826
   160:        780        771        750        822        810
   165:        781        788        756        748        754
   170:        736        784        765        801        698
   175:        747        703        778        658        699
   180:        721        719        693        700        729
   185:        731        713        676        772        689
   190:        699        696        691        696        698
   195:        687        646        665        639        686
   200:        694        658        669        645        664
   205:        635        664        643        642        639
   210:        625        606        654        664        663
   215:        677        616        678        654        619
   220:        651        634        606        624        595
   225:        627        625        623        626        619
   230:        610        608        577        622        624
   235:        633        574        616        592        630
   240:        587        608        571        661        628
   245:        596        593        583        602        626
   250:        575        604        582        604        539
   255:        593        602        598        563        575
   260:        573        550        577        559        574
   265:        532        542        571        571        533
   270:        510        526        574        557        577
   275:        497        481        506        542        523
   280:        531        553        490        497        513
   285:        472        493        459        476        495
   290:        484        498        466        516        498
   295:        457        454        434        463        480
   300:        497        486        440        475        452
   305:        470        453        441        441        422
   310:        455        474        445        443        494
   315:        422        438        418        443        404
   320:        455        479        424        453        439
   325:        401        412        410        427        413
   330:        391        397        395        421        411
   335:        391        414        392        404        380
   340:        377        379        384        363        372
   345:        374        391        333        389        400
   350:        355        353        338        369        348
   355:        374        342        327        311        323
   360:        296        318        319        310        301
   365:        328        329        302        335        293
   370:        313        324        312        313        279
   375:        313        329        300        282        304
   380:        288        268        306        276        272
   385:        318        299        286        291        346
   390:        271        301        271        304        266
   395:        306        309        286        317        293
   400:        272        290        310        273        275
   405:        279        284        320        294        304
   410:        297        299        275        285        234
   415:        274        310        321        258        275
   420:        279        274        258        275        283
   425:        255        257        247        267        253
   430:        255        252        257        257        256
   435:        276        269        256        237        262
   440:        288        260        256        269        222
   445:        249        237        206        223        265
   450:        234        237        243        257        236
   455:        216        227        261        246        253
   460:        240        257        205        249        246
   465:        253        230        245        217        236
   470:        215        230        267        245        221
   475:        216        214        234        235        267
   480:        217        223        245        235        210
   485:        228        209        240        213        217
   490:        206        211        227        226        241
   495:        210        222        237        211        246
   500:        220        227        214        247        230
   505:        197        206        227        224        207
   510:        187        201        214        228        184
   515:        213        203        200        186        197
   520:        193        196        187        181        182
   525:        191        193        203        183        189
   530:        211        195        158        200        196
   535:        165        205        192        185        200
   540:        182        182        188        186        170
   545:        187        166        179        175        180
   550:        166        167        171        160        192
   555:        174        194        168        174        171
   560:        167        162        164        170        176
   565:        163        164        205        179        175
   570:        149        174        179        215        171
   575:        179        202        157        176        172
   580:        181        173        159        145        167
   585:        152        163        161        166        173
   590:        155        161        152        169        177
   595:        167        165        150        153        171
   600:        162        181        183        157        149
   605:        166        174        167        181        163
   610:        173        151        179        184        185
   615:        157        144        142        142        180
   620:        149        172        151        171        163
   625:        156        154        160        155        154
   630:        154        142        144        149        135
   635:        169        162        139        141        149
   640:        150        136        154        158        141
   645:        158        140        157        138        130
   650:        142        161        134        135        126
   655:        127        135        139        123        135
   660:        148        130        136        128        134
   665:        137        115        122        123        116
   670:        126        133        132        148        113
   675:        118        132        125        109        129
   680:        125        126        114        113        101
   685:        122        112        109        128        135
   690:        106        124        128        121        105
   695:        101        123        125        116        136
   700:        105        111        124        124        103
   705:        127        108        128         97        118
   710:        104        101        124        120        110
   715:        124        117        127        105        111
   720:        121         96        109        111        128
   725:        120        124        102        126        106
   730:        110        102        112        112        104
   735:        104        113        116        116        103
   740:         99         92        113         99        130
   745:        103        101        103        116        116
   750:         88         96        107         97        105
   755:         91        110         98         95         98
   760:        117         98         98         97        111
   765:         91        100        101        113        106
   770:        119         93        111        120        110
   775:        112         96        115        116        101
   780:        105         83         93        122        128
   785:         96        104        108         89        117
   790:        112         96         93        106         86
   795:         96        105         99         98         89
   800:        105        126         90        104        111
   805:        107         95        102        108        108
   810:        124         96        105         99        100
   815:        110        104        112        108        109
   820:        102         99        115         96        104
   825:        114        120        114        109        115
   830:        101        117        103        112        110
   835:        116        115        106        102        119
   840:         96        113        104        110        104
   845:        111         88        112        132        133
   850:        111        108        129        103        116
   855:        126        114        137        113        120
   860:        105        123        118        137        117
   865:        104        132        139        130        101
   870:        124        130        128        139        119
   875:        146        136        124        149        150
   880:        160        117        144        148        156
   885:        171        150        188        161        179
   890:        180        165        189        173        209
   895:        222        170        224        201        234
   900:        235        246        219        272        262
   905:        250        275        308        332        283
   910:        281        320        314        348        340
   915:        358        376        380        379        397
   920:        415        375        397        399        442
   925:        460        516        448        465        475
   930:        494        508        466        516        481
   935:        414        535        520        513        524
   940:        483        494        503        553        544
   945:        522        531        489        511        500
   950:        510        525        496        493        474
   955:        514        458        434        475        415
   960:        452        450        418        404        416
   965:        381        365        372        396        373
   970:        346        384        327        319        307
   975:        311        299        268        269        238
   980:        211        242        206        219        187
   985:        196        176        165        156        169
   990:        174        155        124        147        120
   995:        131        106        102         81         97
  1000:         90         84         85         75         68
  1005:         62         75         67         56         52
  1010:         57         50         45         37         46
  1015:         48         41         40         33         39
  1020:         22         35         27         29         26
  1025:         27         35         27         34         32
  1030:         26         30         21         20         23
  1035:         17         24         24         25         25
  1040:         18         25         18         21         25
  1045:         25         31         18         27         17
  1050:         20         23         12         18         21
  1055:         30         28         20         13         22
  1060:         19         23         22         34         15
  1065:         21         28         27         32         24
  1070:         16         20         25         29         25
  1075:         17         24         16         31         28
  1080:         25         29         31         28         31
  1085:         21         25         16         16         29
  1090:         30         21         27         22         26
  1095:         22         20         10         26         29
  1100:         11         23         25         20         26
  1105:         19         15         25         30         24
  1110:         18         20         21         21         28
  1115:         20         20         19         20         22
  1120:         19         20         18         15         24
  1125:         11         22         20         24         20
  1130:         17         19         17         23         19
  1135:         12         15         20         21         19
  1140:         19         27         14         21         17
  1145:         26         18         22         19         20
  1150:         20         21         29         15          9
  1155:         21         21         15         24         23
  1160:         12         12         21         21         23
  1165:         22         25         15         14         24
  1170:         11         12         18          8         19
  1175:         15         17         20         14         15
  1180:         15         18         12          9         12
  1185:         18         19         13         16         12
  1190:         13         18         17         14         17
  1195:         15         15         17         22         19
  1200:         26         20         13         13         22
  1205:         21          9         19         19         15
  1210:         15         13         18         22         10
  1215:         22         19         17         16         24
  1220:         10         11         21         20         15
  1225:         19         22         16         12         16
  1230:         19         21         23         20         10
  1235:         13         18         17         22         20
  1240:         10         17         15         12         21
  1245:         23         14         15         19         16
  1250:         10         18         19         14         16
  1255:         21         14         14         25         22
  1260:         22         13         11         15         25
  1265:         24         20         19         15         21
  1270:         22         23         17         13         20
  1275:         14         23         15         20         11
  1280:         15         27         14         22         17
  1285:         26         16         26         25         10
  1290:         21         27         19         14         21
  1295:         16         12         19         23         26
  1300:         20         20         14         23         22
  1305:         18         20         18         16         19
  1310:         17         14         22         14         23
  1315:         18         11         18         21         12
  1320:         17         20         15         20         16
  1325:         16         14         26         17         17
  1330:         13         21         21         26         16
  1335:         17         13         11         14         15
  1340:         21         19         25         16         16
  1345:         21         20         25         14         21
  1350:         14         21         24         14         17
  1355:         13         20         23         23         20
  1360:         20         24         11         22         18
  1365:         20         23         13         15         17
  1370:         14         16         20         21         16
  1375:         20         18         19         19         15
  1380:         12         19         16         26         12
  1385:         16         11         23         12         21
  1390:         10         12         15         15         16
  1395:         15         12         21         20         14
  1400:         17         11         16         13         13
  1405:         15         16         16         10         19
  1410:         15         16         15         17         12
  1415:         16         19         10         15         10
  1420:         13         19         12         10         19
  1425:         15          7         17         15         11
  1430:         10         17         13         13         13
  1435:         10         21         10          8          9
  1440:         11          7         13         13          8
  1445:         12         11         20         16         16
  1450:          8         10         16         11         10
  1455:          9         11          8          8          8
  1460:          4         10         16         12          9
  1465:         10         14         10         11         20
  1470:         15         13          9          7          8
  1475:         13         14         11         11         15
  1480:         15         12         14         18         14
  1485:         12          9          9         11         10
  1490:          7         10         12         15          8
  1495:         11          9         12         10         20
  1500:         11         15         16         16         14
  1505:         13         13         10         11          8
  1510:          9         17         14         12         21
  1515:         16         14          8         12         11
  1520:         10         13         15         10         16
  1525:         16         11         12         13         13
  1530:         11         21         15         12          7
  1535:         15         15          8         11          8
  1540:         10         13         12         11         12
  1545:         14         20         12         15         13
  1550:         16         14         18         19         11
  1555:         12         24         16         19         11
  1560:         13         11          6         13          9
  1565:         15         16         10         14         14
  1570:         16         10         12          6         19
  1575:         15          9         16         19         12
  1580:         21         15         23         19         14
  1585:          8         26         16         13         14
  1590:         17         18         18         16         12
  1595:         11         14         12          9         12
  1600:         10         15         14         12         12
  1605:         12         16         13         16         12
  1610:          9          8         16         12         11
  1615:         14         14         21         13         12
  1620:         16         11         23         17         11
  1625:         14         11         21         20         15
  1630:          9         10         12         15          9
  1635:         12         14         13         15         14
  1640:         11         13          8         15         21
  1645:         10         18         15         12         12
  1650:         10         13         13         19         11
  1655:         13         16          6          7         15
  1660:         16         15          9         18         11
  1665:         21          8         12         10         14
  1670:         15         13         12         13         12
  1675:         15          9         14         15         11
  1680:         11         20         10         10         11
  1685:         13          4         18          9         10
  1690:          8         15         11          8          5
  1695:         13         10         13          8         10
  1700:         10          9         11          7          6
  1705:         11          8         10          6         10
  1710:         14          5          5         12          8
  1715:          8         10          9          9         11
  1720:         12         12          7         16         14
  1725:         15         10          7          9         13
  1730:         12          7         14          5         12
  1735:         10          7          6          7         11
  1740:         13         11         11          8          9
  1745:         13          6          9          9         13
  1750:          9          9          4          9          8
  1755:          5         10          7          9         13
  1760:          5         10          8          6         18
  1765:          6          3         11          8         12
  1770:          6         10         11         12          8
  1775:          3          3         12         10          7
  1780:          5          4         11          7          9
  1785:         11          8          6          9          3
  1790:          6          8          8          6          6
  1795:          9          4         10          6         10
  1800:          6          9          8          6         10
  1805:          4          8         12          3          5
  1810:          5          7          7          7          2
  1815:          8          2          5          8          7
  1820:          6          8          9         15          4
  1825:          5          6          6          8          6
  1830:          8          5          7          6          5
  1835:          7          5         11          7          4
  1840:          8          5          6         10          2
  1845:          9          8          3          3          4
  1850:          5          8          5          4          7
  1855:         11          3          4          5          4
  1860:          9          3          4          7          6
  1865:          7          5          9          4          4
  1870:         10         11          5          4          2
  1875:          3          2         11          5         10
  1880:          8          6          5          3          6
  1885:          3          6          9          7          4
  1890:          2          6          2          5          6
  1895:          6          3          7          4          6
  1900:          4          4          5          8          3
  1905:         11          7          7          4          5
  1910:          3          7          3          7          8
  1915:          6          7          5          7          8
  1920:          9          5          3          4          4
  1925:          6          2          8          7          5
  1930:          1          5          3          5          5
  1935:          6          5          4          6          6
  1940:          8         10          4         11          7
  1945:         10          8          7          4          5
  1950:          8          7          8          6          6
  1955:          5          7          5          8          6
  1960:          8          5          3          7         10
  1965:          9          4         11          6          9
  1970:          9          6          5          9          6
  1975:          6         15         12          8         14
  1980:          6         14          6         12         11
  1985:          6          7          2         10          7
  1990:         13          8          8          7          7
  1995:          9          7         13          8         15
  2000:          8         19         70         67         63
  2005:         72         66         64         75         61
  2010:         59         67         67         58         47
  2015:         60         54         62         45         57
  2020:         54         68         48         60         64
  2025:         65         42         50         49         49
  2030:         55         38         43         54         48
  2035:         55         47         40         43         45
  2040:         37         39         41         34         36
  2045:         38         49         36
