ACQUISITION INFORMATION

Detector ID:  1
Detector description:
LAB4C1 MCB 1
Sample description:
Assorbimento
Real Time:  1417.319968
Live Time:  1414.899968
Acquisition start date:  30Oct2019
Acquisition start time:  09:44:35
Starting channel number:   0
Number of channels:   2048


CALIBRATION INFORMATION

ENERGY CALIBRATION
Units:
Energy Fit:  0.000000E+000  1.000000E+000  0.000000E+000
FWHM Fit:  1.000000E+000  0.000000E+000  0.000000E+000
Efficiency Terms:  0.000000  0.000000  0.000000  0.000000  0.000000
  0.000000  0.000000  0.000000  0.000000  0.000000


SPECTRUM
     0:          0          0         31        167        178
     5:        157        158        158        149        162
    10:        175        133        173        150        158
    15:        169        168        166        173        160
    20:        149        206        171        171        164
    25:        183        160        174        188        178
    30:        182        188        201        174        178
    35:        207        227        239        208        211
    40:        212        245        256        266        269
    45:        265        276        300        254        264
    50:        307        300        278        287        336
    55:        327        316        320        343        336
    60:        335        376        374        327        370
    65:        384        405        413        451        456
    70:        426        443        424        431        489
    75:        457        462        452        451        435
    80:        515        464        522        490        489
    85:        511        459        524        475        492
    90:        495        500        492        486        455
    95:        473        480        501        519        464
   100:        515        495        486        478        483
   105:        449        474        509        458        476
   110:        475        511        496        508        465
   115:        420        483        451        475        462
   120:        448        468        446        455        482
   125:        413        424        468        487        444
   130:        401        456        450        457        448
   135:        411        405        444        420        433
   140:        430        432        437        417        438
   145:        432        426        392        425        440
   150:        406        406        421        399        392
   155:        398        433        380        399        425
   160:        380        444        399        408        365
   165:        414        386        386        336        379
   170:        382        380        378        377        357
   175:        375        414        365        379        354
   180:        351        354        344        330        342
   185:        328        370        353        323        318
   190:        329        311        327        339        340
   195:        288        306        331        336        317
   200:        342        299        307        321        338
   205:        307        292        305        297        268
   210:        293        300        287        280        290
   215:        305        275        280        255        262
   220:        241        266        273        277        261
   225:        289        281        274        280        287
   230:        269        270        263        286        255
   235:        245        258        266        246        255
   240:        266        256        240        269        265
   245:        247        253        236        258        261
   250:        233        220        247        208        238
   255:        313        222        243        212        245
   260:        244        201        239        201        243
   265:        254        216        222        213        216
   270:        205        211        228        211        216
   275:        209        215        192        182        196
   280:        209        215        200        191        205
   285:        207        201        208        211        188
   290:        198        178        183        177        195
   295:        209        179        180        182        184
   300:        176        211        190        175        211
   305:        183        174        199        196        198
   310:        192        174        193        181        206
   315:        203        165        183        200        141
   320:        188        182        178        171        181
   325:        173        166        185        156        180
   330:        178        174        175        156        162
   335:        159        165        164        162        143
   340:        179        152        158        136        141
   345:        161        146        137        141        144
   350:        130        146        131        159        139
   355:        137        123        121        131        143
   360:        115        131        136        132        138
   365:        132        109        119        126        138
   370:        149        109        112        136        129
   375:        106        128        110        122        124
   380:        125        137        117        111        125
   385:        140        118        125        127        100
   390:        101        106        117        119        105
   395:        120         97        123         97        120
   400:         96        112        123        112        119
   405:        108        106        105         92         98
   410:        111        103        108        124         95
   415:        100         97        113        110         90
   420:         95         86        115         94         81
   425:         98         89        106        114        104
   430:         95        103         71         90         99
   435:         87         86         93        102         92
   440:         85         84         83         89         86
   445:         83         81         75        111         73
   450:         92         77         88         86         78
   455:         80         90         97         85         84
   460:         80         87         86         94         81
   465:         88        106         95         97         77
   470:         79        111         96         85         75
   475:         83         96         77         79         65
   480:         80         75         88         94         91
   485:         85        102         82        101        102
   490:         93         73         94         66         74
   495:         80         73         58         62         85
   500:         91         93         73         89         89
   505:         73         87         79         74         73
   510:         72         58         65         71         55
   515:         62         77         70         55         74
   520:         58         56         70         71         71
   525:         73         44         66         65         64
   530:         49         64         56         57         55
   535:         53         38         57         48         50
   540:         59         55         51         46         70
   545:         44         51         50         60         49
   550:         56         59         57         52         50
   555:         54         46         50         59         41
   560:         58         59         52         49         59
   565:         45         52         64         48         53
   570:         49         45         47         42         46
   575:         49         46         53         54         48
   580:         44         37         52         61         45
   585:         47         61         48         53         44
   590:         42         46         52         39         46
   595:         40         52         35         46         47
   600:         58         43         53         49         41
   605:         51         45         43         37         38
   610:         53         48         46         56         39
   615:         55         38         42         59         55
   620:         50         47         43         48         39
   625:         49         45         36         52         26
   630:         50         41         48         39         28
   635:         44         52         53         37         47
   640:         37         43         49         42         39
   645:         47         41         41         37         35
   650:         41         45         47         47         43
   655:         30         51         40         39         43
   660:         40         45         49         46         40
   665:         42         55         38         41         36
   670:         35         45         44         44         31
   675:         43         37         28         30         39
   680:         49         36         40         44         49
   685:         42         43         31         36         31
   690:         46         36         41         34         36
   695:         46         46         34         49         36
   700:         40         46         41         49         32
   705:         42         50         46         45         40
   710:         36         33         39         45         57
   715:         40         47         53         30         34
   720:         37         50         36         45         29
   725:         43         34         37         50         37
   730:         42         44         30         33         41
   735:         34         40         39         53         37
   740:         31         47         26         36         30
   745:         36         36         41         49         42
   750:         35         34         41         35         28
   755:         42         40         27         27         37
   760:         25         32         29         36         28
   765:         42         37         24         34         36
   770:         35         26         31         28         35
   775:         25         38         37         40         39
   780:         18         25         39         30         30
   785:         24         32         41         39         42
   790:         28         32         27         35         26
   795:         35         38         37         39         34
   800:         37         43         39         27         38
   805:         35         48         30         37         39
   810:         30         35         39         30         35
   815:         45         47         37         42         41
   820:         37         35         44         38         43
   825:         25         44         44         40         40
   830:         42         39         40         30         41
   835:         36         48         31         41         48
   840:         44         35         31         41         47
   845:         44         29         40         24         45
   850:         32         38         45         37         48
   855:         42         39         36         37         40
   860:         35         30         35         44         42
   865:         27         35         44         33         29
   870:         31         46         42         34         42
   875:         42         32         29         33         38
   880:         34         25         29         35         31
   885:         32         24         37         31         32
   890:         33         31         34         30         34
   895:         43         25         24         33         34
   900:         30         33         40         22         30
   905:         21         26         29         20         22
   910:         25         35         26         24         23
   915:         23         28         16         23         36
   920:         16         15         27         26         28
   925:         28         29         22         32         26
   930:         22         24         22         23         30
   935:         24         22         23         25         28
   940:         25         23         28         18         30
   945:         24         28         21         20         17
   950:         22         24         22         22         24
   955:         17         23         16         16         19
   960:         20         20         22         17         23
   965:         18         25         18         21         22
   970:         26         26         25         20         23
   975:         28         19         24         22         21
   980:         18         18         19         21         19
   985:         24         28         31         25         20
   990:         21         17         21         17         26
   995:         29         24         22         21         15
  1000:         21         22         18         22         24
  1005:         21         22         17         26         25
  1010:         26         36         30         17         23
  1015:         22         27         23         19         22
  1020:         29         19         24         21         14
  1025:         28         18         39         23         21
  1030:         22         21         16         21         19
  1035:         10         26         20         28         20
  1040:         19         17         16         30         26
  1045:         16         17         25         19         20
  1050:         22         17         22         17         21
  1055:         21         16         23         20         24
  1060:         24         21         16         21         21
  1065:         15         14         21         14         23
  1070:         18         25         10         18         21
  1075:         18         20         25         21         21
  1080:         21         17         18         25         26
  1085:         19         17         22         16         15
  1090:         17         23         22         25         14
  1095:         36         15         21         22         13
  1100:         23         24         29         19         20
  1105:         20         20         16         20         23
  1110:         16         25         20         12         12
  1115:         12         22         22         14         23
  1120:         15         12         26         14         26
  1125:         22         19         18         25         20
  1130:         21         20         15         23         18
  1135:         28         15         14         19         20
  1140:         18         16         20         18         19
  1145:         14         13         22         26         23
  1150:         15         25         21         13         17
  1155:         21         13         14         18         12
  1160:         10         19         17         16         13
  1165:         23         20         17         24         13
  1170:         13         27         17         26         13
  1175:         19         25         21         12         13
  1180:         16         18         20         21         13
  1185:         15         14         11         18         13
  1190:         17         21          9         15         24
  1195:         14         17         16         15         13
  1200:         19         20         12         15         14
  1205:         24         10         16         12         19
  1210:         20         19         20         13         15
  1215:         17         17          9         14         18
  1220:         18         16         13         16         16
  1225:         15         18         20         17         22
  1230:         14         13         17         22         21
  1235:         14         17         19         16         15
  1240:         17         14         21         19         17
  1245:         17         18         16         20         20
  1250:         21         17         15         15         13
  1255:         15         18         16         20         14
  1260:         18         17         10         16         17
  1265:         21         13         17         21         15
  1270:         16         18         21         21         17
  1275:         16         28         20         17         11
  1280:         14         11         15         21         16
  1285:         21         22         14         23         13
  1290:         14         14         18         23         19
  1295:         20         24         20         18         15
  1300:         15         20         12         19         13
  1305:         20         18         14         13         19
  1310:         19         21         16         14         13
  1315:         16         14         15         13         20
  1320:         15         11         14         17         10
  1325:         22         22         18         17         20
  1330:         14         14         12         12         18
  1335:         11         15         14         10         14
  1340:         24         10         19         20          8
  1345:         24         11         16         16         15
  1350:         12          7          8         13         16
  1355:         19         18         16         20         16
  1360:         18         22         20         14         15
  1365:         12         25         20          9         15
  1370:         16         23         16         17         18
  1375:         15         11          9         20         11
  1380:         13         19         14         17         10
  1385:         17         10         18         14          9
  1390:         11         13          6         16         18
  1395:         16         13         10         12         10
  1400:         12          9         16         18          8
  1405:         26         14         18         17         19
  1410:         10         12         12          8         19
  1415:          7         14         12         13         16
  1420:         13         15          8         10         12
  1425:         12         12         15         15         11
  1430:         16          9         17         18         11
  1435:          6         15         17         10         15
  1440:         12         12         15         10         15
  1445:         12          7         11         10          9
  1450:         13          8         12          7         15
  1455:         19         13         10         13         14
  1460:         14          9          7         11         15
  1465:         14         10         17          6          7
  1470:          7          8          8         14          8
  1475:          5         11          8         13         15
  1480:          8         11         11         12         18
  1485:          9         10         14          7          7
  1490:         16          9         16         14         13
  1495:         17         11         11         20          9
  1500:         12          8         11         12         10
  1505:         13         10         18          8          7
  1510:         13         14          9         11          8
  1515:         11          5         11          9          9
  1520:         10         10          8         10         12
  1525:         10         10         12          8          7
  1530:         18          9         10          7         15
  1535:         15         11          9         11         12
  1540:         14          7          7          9         12
  1545:         17         15          8          9         14
  1550:          8         12         14         11         17
  1555:          9          9         14         13         18
  1560:         10          8         14          9         10
  1565:          7          7         16         11         12
  1570:         17          4          9          9         10
  1575:          9         10         14         13          8
  1580:         16         12          7         18         10
  1585:         15         15         11          8         16
  1590:         12         10          8         16         14
  1595:         19         13         14          5         10
  1600:         11         15         15          9          6
  1605:         18          7          7         12          5
  1610:         14          6          4         10         15
  1615:         14         20         14         13         17
  1620:          6         19         15          6         11
  1625:         11          8         12          7          6
  1630:         16         16         11         16         13
  1635:          6         11         11         10         23
  1640:          4          8         13         16          9
  1645:         14         12         16          9          8
  1650:          8          6          9         10         11
  1655:          7          4         10          9         16
  1660:          5          9          7          8         10
  1665:          7          6         10          6          5
  1670:          8         11         16          9          7
  1675:          7         15         11          9         12
  1680:          6         14          6          7          7
  1685:          8          8         11          8          7
  1690:          8         12          4          7          6
  1695:          8          9          5          4          8
  1700:         10         10          5          7          7
  1705:         11         14          7          8          9
  1710:          5          7         11          7          7
  1715:          8          9          4          4          7
  1720:          8         10         14          9          8
  1725:          8          8         10          5          7
  1730:         10          4          9          7         11
  1735:          6          6          3          7          4
  1740:         11         10          4          9          6
  1745:          8          7          4          6         10
  1750:          9          7          7          4          8
  1755:          7          8          5          4          6
  1760:          5          8         12          4          8
  1765:          4          3          6          6          2
  1770:          5          4          6          3         10
  1775:          5          4          9          3          4
  1780:          4          8          3          2          5
  1785:         10          9          3          3          4
  1790:         11          6          5          5          4
  1795:          3          0          5          5          4
  1800:          6          5          4          4          5
  1805:          8          7          5          7          4
  1810:          6          6          9          4          7
  1815:          4          5          1          2          7
  1820:          7          5          2          8          8
  1825:          3          8         10          7          3
  1830:          4          6          3         10          7
  1835:          5          5          6          3          7
  1840:          2          6          7          4          8
  1845:          6          8          8          4          6
  1850:          5          7          7          3          5
  1855:          4          3          6          6          4
  1860:          3          4         10         12          1
  1865:          4          6          6          3          4
  1870:          7          6          3          6          5
  1875:          4          6          5          0          5
  1880:          6          3         11          4          8
  1885:          3          2          5          3          3
  1890:          6          5          4         10          2
  1895:          8          5          3          0          4
  1900:          5          1          7          7          4
  1905:          7          4         13          1          4
  1910:          5          7          6          3          3
  1915:          7          5          3          5          2
  1920:          7          3          6          6          3
  1925:          5          2          4          3          5
  1930:          4          6          6          7          2
  1935:          2          4          3          8          2
  1940:          3          7          5          2          4
  1945:         11          6          4          1          7
  1950:          7          7          4          9          5
  1955:          5          7          2          5          6
  1960:         10          6          3          7          9
  1965:          6          4          5          3          6
  1970:          7          8          9          7         15
  1975:          8          5          5          6         11
  1980:          8          9          9         10         11
  1985:          5          9          9         13          8
  1990:         12         11          6         16          7
  1995:          8          9         11          8         14
  2000:         10         20         41         44         46
  2005:         47         59         44         32         33
  2010:         36         51         29         50         39
  2015:         37         49         47         51         44
  2020:         38         44         33         23         32
  2025:         32         36         22         26         30
  2030:         40         31         30         26         28
  2035:         25         21         32         25         27
  2040:         23         16         27         29         28
  2045:         17         21         18	0	0
