ACQUISITION INFORMATION

Detector ID:  1
Detector description:
LAB4C1 MCB 1
Sample description:
Assorbimento
Real Time:  6622.079852
Live Time:  6610.219852
Acquisition start date:  30Oct2019
Acquisition start time:  10:10:12
Starting channel number:   0
Number of channels:   2048


CALIBRATION INFORMATION

ENERGY CALIBRATION
Units:
Energy Fit:  0.000000E+000  1.000000E+000  0.000000E+000
FWHM Fit:  1.000000E+000  0.000000E+000  0.000000E+000
Efficiency Terms:  0.000000  0.000000  0.000000  0.000000  0.000000
  0.000000  0.000000  0.000000  0.000000  0.000000


SPECTRUM
     0:          0          1        118        586        534
     5:        538        590        604        587        615
    10:        591        620        640        624        682
    15:        648        617        695        671        661
    20:        615        665        649        645        615
    25:        673        667        702        673        699
    30:        718        735        723        735        845
    35:        802        796        866        849        864
    40:        902        921        879        962        942
    45:       1008        969       1066       1116       1086
    50:       1199       1186       1164       1247       1300
    55:       1292       1311       1368       1386       1416
    60:       1438       1518       1462       1555       1553
    65:       1597       1693       1720       1691       1780
    70:       1836       1831       1871       1848       1885
    75:       1886       2005       2030       2051       2105
    80:       2082       2091       2169       2193       2196
    85:       2196       2136       2155       2181       2220
    90:       2214       2176       2106       2180       2196
    95:       2159       2157       2134       2190       2128
   100:       2138       2180       2255       2213       2072
   105:       2195       2196       2231       2284       2213
   110:       2173       2110       2137       2197       2103
   115:       2088       2144       2112       2130       2134
   120:       2085       2132       2064       2061       2100
   125:       2156       2123       2050       2103       2068
   130:       2020       2089       2128       2072       2075
   135:       2094       2036       2067       2133       1999
   140:       2022       1982       2040       2028       2002
   145:       2006       1997       1952       2022       2005
   150:       1900       2096       2014       1997       1912
   155:       1956       1981       1983       1911       1908
   160:       1889       1901       1876       1948       1925
   165:       1915       1909       1856       1815       1836
   170:       1765       1823       1855       1805       1809
   175:       1789       1735       1769       1777       1756
   180:       1761       1711       1675       1749       1707
   185:       1725       1705       1692       1732       1680
   190:       1632       1677       1600       1676       1654
   195:       1584       1637       1604       1629       1624
   200:       1622       1610       1520       1577       1607
   205:       1543       1524       1447       1498       1522
   210:       1486       1481       1450       1472       1452
   215:       1427       1482       1472       1413       1512
   220:       1428       1496       1408       1423       1414
   225:       1386       1346       1421       1346       1413
   230:       1433       1383       1365       1384       1374
   235:       1424       1394       1365       1381       1339
   240:       1300       1341       1333       1332       1285
   245:       1324       1376       1333       1276       1326
   250:       1267       1326       1231       1332       1272
   255:       1246       1283       1210       1246       1142
   260:       1273       1171       1245       1095       1228
   265:       1130       1154       1133       1083       1103
   270:       1157       1155       1121       1067       1092
   275:       1117       1073       1080       1105       1094
   280:       1095       1076       1043       1034       1061
   285:       1027        985       1053       1026       1010
   290:       1082       1007       1013       1039       1004
   295:       1019       1028       1013       1028       1050
   300:        968        969        932        928        989
   305:       1003        997       1013       1005        950
   310:        950        950        954        938        946
   315:        994        921        922        885        932
   320:        947        898        889        951        935
   325:        913        864        899        898        833
   330:        864        883        857        862        880
   335:        861        782        810        740        827
   340:        784        770        767        778        747
   345:        766        724        757        717        728
   350:        822        697        719        724        666
   355:        695        678        661        628        669
   360:        653        641        628        646        622
   365:        652        627        600        649        679
   370:        653        612        628        572        632
   375:        582        627        610        569        599
   380:        575        580        575        563        580
   385:        545        590        610        607        566
   390:        566        585        609        611        588
   395:        578        571        537        546        602
   400:        594        576        565        519        562
   405:        554        532        511        551        528
   410:        530        548        548        505        546
   415:        507        523        545        515        519
   420:        488        518        496        492        483
   425:        507        519        531        478        474
   430:        462        443        469        468        436
   435:        488        470        491        459        449
   440:        471        473        447        411        448
   445:        498        415        449        455        413
   450:        477        409        430        435        443
   455:        407        476        443        400        464
   460:        460        468        467        430        425
   465:        409        427        439        461        411
   470:        457        442        449        437        441
   475:        442        437        456        434        491
   480:        473        398        417        450        418
   485:        437        376        471        427        430
   490:        435        452        368        391        401
   495:        429        378        437        385        388
   500:        337        395        432        387        350
   505:        411        349        369        324        365
   510:        356        312        350        353        311
   515:        364        307        337        326        292
   520:        335        350        325        329        319
   525:        308        334        295        319        313
   530:        306        317        308        291        314
   535:        283        278        345        283        323
   540:        279        324        306        280        274
   545:        271        281        291        290        283
   550:        287        287        300        275        266
   555:        253        293        277        285        302
   560:        307        272        271        301        281
   565:        287        293        272        280        244
   570:        247        271        273        266        269
   575:        258        273        267        243        232
   580:        248        252        281        275        263
   585:        266        253        263        262        247
   590:        248        228        255        257        234
   595:        236        223        253        249        248
   600:        255        205        226        257        222
   605:        240        233        255        249        242
   610:        231        262        239        253        221
   615:        246        222        249        246        231
   620:        237        212        224        241        220
   625:        214        213        213        212        227
   630:        216        235        229        237        232
   635:        190        210        218        216        237
   640:        224        217        238        181        218
   645:        203        211        215        201        192
   650:        177        180        207        218        193
   655:        215        198        178        213        189
   660:        207        182        171        196        201
   665:        176        190        197        202        171
   670:        224        213        203        187        190
   675:        185        204        183        211        200
   680:        200        190        192        185        203
   685:        208        199        186        201        189
   690:        201        185        181        191        181
   695:        157        192        181        161        199
   700:        181        147        173        163        208
   705:        163        185        193        183        204
   710:        187        192        186        192        199
   715:        187        193        171        167        185
   720:        186        179        178        167        180
   725:        181        179        171        163        177
   730:        182        184        174        161        164
   735:        179        188        175        181        151
   740:        169        163        177        165        135
   745:        161        171        174        160        150
   750:        146        140        155        164        131
   755:        144        144        128        162        145
   760:        155        154        175        156        154
   765:        138        146        155        189        139
   770:        154        154        133        159        163
   775:        149        155        162        156        165
   780:        149        158        152        162        143
   785:        155        156        140        157        155
   790:        150        178        172        166        158
   795:        140        155        155        143        172
   800:        150        174        151        146        148
   805:        152        166        141        179        155
   810:        150        163        176        184        181
   815:        142        162        177        148        160
   820:        191        147        160        159        186
   825:        176        177        176        185        174
   830:        159        173        162        166        184
   835:        154        174        184        179        182
   840:        192        176        186        171        166
   845:        195        197        188        167        173
   850:        166        178        191        178        171
   855:        168        175        209        158        194
   860:        181        176        176        192        180
   865:        187        195        169        182        195
   870:        183        194        162        213        184
   875:        185        179        168        191        204
   880:        184        205        170        218        179
   885:        213        201        209        199        200
   890:        228        214        216        238        243
   895:        225        214        231        240        217
   900:        257        228        227        226        256
   905:        262        272        277        280        239
   910:        260        289        304        287        303
   915:        295        292        306        340        305
   920:        294        302        305        309        314
   925:        331        299        311        328        373
   930:        358        343        351        359        362
   935:        309        363        307        333        346
   940:        327        330        278        317        313
   945:        265        306        281        295        280
   950:        281        286        277        285        235
   955:        284        250        245        255        247
   960:        229        207        187        169        230
   965:        199        194        210        228        210
   970:        189        150        167        177        163
   975:        162        146        151        120        139
   980:        151        147        115        131        153
   985:        122        117         95        110        104
   990:         99        101         91        104         91
   995:         91         90         93         99         73
  1000:        101         77         85         76         72
  1005:         76         87         70         73         69
  1010:         73         59         71         76         82
  1015:         62         82         69         79         78
  1020:         81         86         66         73         69
  1025:         68         77         73         84         74
  1030:         84         83         79         89         66
  1035:         59         82         64         73         92
  1040:         72         71         60         78         68
  1045:         61         80         70         69         59
  1050:         72         84         63         78         57
  1055:         66         77         60         70         52
  1060:         66         83         66         62         76
  1065:         84         61         67         61         81
  1070:         64         57         63         70         69
  1075:         58         80         69         72         64
  1080:         82         70         76         66         59
  1085:         78         76         50         71         79
  1090:         59         69         59         65         64
  1095:         76         64         69         64         62
  1100:         61         54         72         64         65
  1105:         62         62         67         70         91
  1110:         63         58         79         77         59
  1115:         76         69         58         64         66
  1120:         50         59         66         54         72
  1125:         70         61         58         59         67
  1130:         49         63         58         52         58
  1135:         62         60         43         72         58
  1140:         69         70         62         72         59
  1145:         75         67         53         56         66
  1150:         63         73         58         44         50
  1155:         62         63         63         48         62
  1160:         62         49         52         52         62
  1165:         58         59         64         41         55
  1170:         45         61         55         53         63
  1175:         62         61         63         50         51
  1180:         62         60         47         61         58
  1185:         55         64         58         42         54
  1190:         47         50         44         53         58
  1195:         58         60         54         57         61
  1200:         51         49         58         56         55
  1205:         65         55         65         54         52
  1210:         59         56         51         48         62
  1215:         69         56         65         59         54
  1220:         58         61         53         60         55
  1225:         41         58         56         62         58
  1230:         58         61         48         59         50
  1235:         48         61         67         73         62
  1240:         63         48         58         51         51
  1245:         46         59         65         58         60
  1250:         66         66         48         57         52
  1255:         48         59         60         59         59
  1260:         53         63         84         65         76
  1265:         48         53         69         57         58
  1270:         66         63         74         67         57
  1275:         67         59         61         44         64
  1280:         63         59         77         50         58
  1285:         65         62         66         49         61
  1290:         65         65         71         64         65
  1295:         58         55         61         60         53
  1300:         63         63         56         71         71
  1305:         64         70         60         65         61
  1310:         47         64         63         63         65
  1315:         71         53         58         54         52
  1320:         53         63         58         52         63
  1325:         60         71         52         68         54
  1330:         52         60         60         65         64
  1335:         46         54         59         49         60
  1340:         58         60         43         63         60
  1345:         61         78         57         57         52
  1350:         42         60         50         56         53
  1355:         63         51         68         50         53
  1360:         54         56         69         60         66
  1365:         46         66         63         49         50
  1370:         66         62         58         52         59
  1375:         48         58         50         57         59
  1380:         49         55         54         56         44
  1385:         56         56         50         49         53
  1390:         57         44         59         48         50
  1395:         51         56         44         41         49
  1400:         52         42         52         41         52
  1405:         47         55         56         44         37
  1410:         58         40         48         39         54
  1415:         50         38         34         50         43
  1420:         40         32         52         39         39
  1425:         40         40         38         30         35
  1430:         43         42         34         33         33
  1435:         45         45         47         41         42
  1440:         52         43         36         35         52
  1445:         40         33         37         49         39
  1450:         36         55         37         52         44
  1455:         38         37         29         48         39
  1460:         38         37         33         43         49
  1465:         49         48         35         37         37
  1470:         29         31         35         41         45
  1475:         42         38         33         34         40
  1480:         33         39         31         35         34
  1485:         44         38         44         31         35
  1490:         47         36         40         42         51
  1495:         28         33         41         40         37
  1500:         39         44         41         34         42
  1505:         46         40         34         36         38
  1510:         38         39         48         42         41
  1515:         28         36         34         41         48
  1520:         40         46         33         55         37
  1525:         34         48         53         33         42
  1530:         56         48         42         40         51
  1535:         39         38         41         51         60
  1540:         43         53         42         48         45
  1545:         47         41         44         49         42
  1550:         42         49         50         57         49
  1555:         35         51         62         28         51
  1560:         53         50         67         42         46
  1565:         36         54         46         33         41
  1570:         39         41         59         55         55
  1575:         40         39         41         44         34
  1580:         58         33         49         38         43
  1585:         50         49         37         52         54
  1590:         42         49         52         45         53
  1595:         49         46         39         47         47
  1600:         48         52         43         45         44
  1605:         44         41         46         55         49
  1610:         47         39         39         42         43
  1615:         41         45         58         40         47
  1620:         40         40         47         37         34
  1625:         39         48         52         35         33
  1630:         57         47         41         46         40
  1635:         48         37         36         45         34
  1640:         33         33         36         33         20
  1645:         44         37         43         51         41
  1650:         39         40         37         43         27
  1655:         36         45         39         41         46
  1660:         46         33         35         38         29
  1665:         36         39         38         31         46
  1670:         40         43         38         40         37
  1675:         43         31         30         33         39
  1680:         36         38         30         32         36
  1685:         32         31         32         38         33
  1690:         39         28         25         36         21
  1695:         30         42         29         30         37
  1700:         29         23         41         40         32
  1705:         32         21         36         32         46
  1710:         36         31         32         43         39
  1715:         31         24         22         33         32
  1720:         32         32         27         20         33
  1725:         36         28         34         31         34
  1730:         28         30         25         30         39
  1735:         27         27         20         42         33
  1740:         23         37         30         26         25
  1745:         35         27         37         23         23
  1750:         30         33         26         29         30
  1755:         27         19         24         22         42
  1760:         38         22         22         21         23
  1765:         20         26         23         21         28
  1770:         19         24         26         29         28
  1775:         29         21         26         20         20
  1780:         19         24         25         21         28
  1785:         28         20         29         22         23
  1790:         25         22         24         18         18
  1795:         19         24         29         36         18
  1800:         17         33         15         16         33
  1805:         20         15         21         16         20
  1810:         18         23         22         14         19
  1815:         17         23         22         12         23
  1820:         13         23         16         28         18
  1825:         23         19         22         23         25
  1830:         19         19         28         28         13
  1835:         20         24         14         17         26
  1840:         22         16         12         23         16
  1845:         20         14         19         16         13
  1850:         25         21         16         13         21
  1855:         17         16         21         16         16
  1860:         33         21         14         29         18
  1865:         17         22         20         22         16
  1870:         15         20         20         21         15
  1875:         15         20         17         12         13
  1880:         20         26         11         27         16
  1885:         15         16         21         22         16
  1890:         16         25         23         20         20
  1895:         12         16         21         23         19
  1900:         22         20         21         14         15
  1905:         19         17         20         19         19
  1910:         16         16         24         19         20
  1915:         24         28         14         31         18
  1920:         15         21          9         21         20
  1925:         12         20         17         19         19
  1930:         28         22         29         15         15
  1935:         14         27         20         20         27
  1940:         27         13         18         26         26
  1945:         31         38         30         24         25
  1950:         24         23         21         33         27
  1955:         31         26         29         27         28
  1960:         28         24         30         18         30
  1965:         22         32         39         28         35
  1970:         32         28         41         40         32
  1975:         29         40         33         31         42
  1980:         31         32         42         50         43
  1985:         42         40         49         32         47
  1990:         45         44         49         55         54
  1995:         49         40         44         43         57
  2000:         48         75        199        196        200
  2005:        186        193        176        171        189
  2010:        193        190        177        177        205
  2015:        173        167        179        177        156
  2020:        179        150        147        151        152
  2025:        155        142        158        149        149
  2030:        142        149        126        120        132
  2035:        137        125        133        114        119
  2040:        101        101        104        101        101
  2045:         85         86         74		0	0
