ACQUISITION INFORMATION

Detector ID:  1
Detector description:
LAB4C1 MCB 1
Sample description:
Assorbimento
Real Time:  1549.999965
Live Time:  1543.619965
Acquisition start date:  31Oct2019
Acquisition start time:  11:43:29
Starting channel number:   0
Number of channels:   2048


CALIBRATION INFORMATION

ENERGY CALIBRATION
Units:
Energy Fit:  0.000000E+000  1.000000E+000  0.000000E+000
FWHM Fit:  1.000000E+000  0.000000E+000  0.000000E+000
Efficiency Terms:  0.000000  0.000000  0.000000  0.000000  0.000000
  0.000000  0.000000  0.000000  0.000000  0.000000


SPECTRUM
     0:          0          0         45        373        397
     5:        381        389        368        426        449
    10:        411        468        458        484        495
    15:        483        511        476        497        466
    20:        472        409        439        359        396
    25:        405        388        436        366        373
    30:        405        419        373        405        405
    35:        429        411        424        419        464
    40:        416        476        421        447        454
    45:        502        479        503        499        503
    50:        501        516        506        516        557
    55:        568        583        587        621        604
    60:        601        604        620        649        662
    65:        685        689        718        739        716
    70:        767        765        770        796        769
    75:        879        827        859        846        889
    80:        881        931        907        987        971
    85:        966       1006        915        899        923
    90:        870        917        874        905        950
    95:        872        891        873        868        874
   100:        871        881        890        868        840
   105:        892        880        890        830        871
   110:        852        797        897        828        847
   115:        853        858        791        837        836
   120:        866        873        799        903        898
   125:        837        862        795        824        810
   130:        834        816        823        873        845
   135:        845        868        796        833        838
   140:        849        869        826        858        863
   145:        796        790        861        846        834
   150:        857        848        817        775        869
   155:        812        811        815        754        822
   160:        790        861        773        828        819
   165:        784        828        796        764        759
   170:        781        805        814        782        818
   175:        758        764        744        804        771
   180:        762        793        730        772        774
   185:        766        763        764        754        762
   190:        749        806        752        731        733
   195:        728        749        770        733        750
   200:        749        687        735        696        701
   205:        742        699        669        723        760
   210:        694        714        709        726        697
   215:        705        732        712        706        710
   220:        686        704        722        674        719
   225:        761        725        651        748        700
   230:        719        666        714        660        719
   235:        709        728        712        723        744
   240:        726        700        689        713        771
   245:        745        711        737        691        733
   250:        704        740        743        709        715
   255:        762        721        716        755        697
   260:        680        693        697        704        667
   265:        652        719        689        629        742
   270:        670        658        696        642        670
   275:        657        637        706        643        649
   280:        632        639        603        589        673
   285:        585        639        637        616        620
   290:        622        605        600        625        573
   295:        611        619        563        602        576
   300:        582        590        614        542        565
   305:        558        591        583        548        561
   310:        570        584        540        576        567
   315:        589        545        592        535        532
   320:        537        527        537        564        540
   325:        532        547        573        505        504
   330:        525        495        538        532        501
   335:        521        528        489        510        502
   340:        473        467        498        466        500
   345:        501        485        472        446        460
   350:        431        511        460        479        425
   355:        411        430        423        427        453
   360:        457        424        420        419        480
   365:        421        396        442        418        372
   370:        423        440        429        414        427
   375:        411        384        424        391        389
   380:        386        400        397        427        375
   385:        412        357        386        364        384
   390:        406        397        389        409        386
   395:        406        378        382        366        361
   400:        416        395        384        385        379
   405:        375        375        379        339        360
   410:        341        355        357        375        341
   415:        339        337        326        356        351
   420:        359        348        382        349        364
   425:        366        345        337        341        335
   430:        350        341        343        322        329
   435:        343        332        351        335        328
   440:        312        322        333        332        338
   445:        301        353        288        302        311
   450:        324        317        307        319        336
   455:        326        307        334        320        284
   460:        320        350        297        330        329
   465:        331        332        301        308        345
   470:        303        314        304        330        307
   475:        295        340        311        322        323
   480:        287        319        298        306        302
   485:        290        301        312        293        299
   490:        301        297        291        300        307
   495:        298        291        289        337        269
   500:        294        313        295        274        273
   505:        290        323        277        276        290
   510:        259        254        306        278        267
   515:        278        300        281        301        290
   520:        281        296        281        308        284
   525:        258        304        300        276        261
   530:        293        228        285        244        266
   535:        288        264        246        267        259
   540:        273        247        269        221        274
   545:        254        253        286        284        246
   550:        249        294        264        239        279
   555:        257        273        264        274        245
   560:        269        291        257        262        271
   565:        285        273        246        265        263
   570:        255        244        244        255        261
   575:        249        260        284        264        243
   580:        252        271        258        273        296
   585:        277        254        252        261        256
   590:        261        248        279        239        275
   595:        259        254        258        244        247
   600:        259        234        254        237        267
   605:        255        235        267        273        243
   610:        280        265        241        259        244
   615:        243        202        249        259        235
   620:        241        258        251        264        251
   625:        238        262        247        248        221
   630:        246        234        240        244        197
   635:        204        221        242        228        220
   640:        220        241        217        235        227
   645:        207        233        223        210        215
   650:        241        201        233        235        211
   655:        179        193        191        205        166
   660:        179        174        203        186        185
   665:        177        197        184        185        193
   670:        165        176        185        169        175
   675:        176        187        174        181        167
   680:        190        171        163        169        156
   685:        153        182        171        172        154
   690:        156        150        162        158        174
   695:        166        147        182        156        165
   700:        155        147        137        141        174
   705:        157        142        163        163        143
   710:        148        170        171        173        149
   715:        157        160        147        152        164
   720:        163        163        153        168        150
   725:        149        139        153        142        146
   730:        140        175        138        154        142
   735:        153        155        177        135        143
   740:        139        150        123        163        150
   745:        128        120        165        125        154
   750:        143        145        137        129        135
   755:        137        142        147        142        141
   760:        118        130        155        142        141
   765:        140        142        144        117        138
   770:        143        133        134        123        137
   775:        141        145        138        143        143
   780:        118        140        149        137        134
   785:        158        125        116        137        140
   790:        142        138        143        132        128
   795:        124        128        121        137        137
   800:        129        145        149        152        121
   805:        126        133        124        129        130
   810:        140        139        137        132        115
   815:        124        132        151        126        126
   820:        138        160        152        117        101
   825:        142        139        127        128        124
   830:        148        128        153        128        147
   835:        167        127        145        138        122
   840:        142        119        139        122        158
   845:        139        155        139        157        134
   850:        143        158        135        153        160
   855:        157        165        162        148        173
   860:        169        177        165        172        170
   865:        174        196        188        208        200
   870:        193        201        218        218        249
   875:        200        242        265        249        278
   880:        280        273        303        301        350
   885:        323        368        356        377        377
   890:        388        402        442        453        444
   895:        467        479        494        538        559
   900:        566        530        605        654        631
   905:        650        671        710        693        752
   910:        764        771        761        823        787
   915:        882        849        918        893        884
   920:        945       1006        931        959        977
   925:        953        999        956       1032       1028
   930:       1023       1039       1030       1087       1022
   935:       1038       1123       1116       1034       1079
   940:       1091       1121       1054       1051       1067
   945:        993       1043       1026        937        973
   950:        972        964        914        841        839
   955:        830        884        810        816        758
   960:        801        770        723        728        656
   965:        594        601        585        550        535
   970:        509        472        476        481        424
   975:        398        411        401        362        368
   980:        320        308        289        277        226
   985:        229        219        205        190        179
   990:        188        162        143        152        116
   995:        148        117        115         73         99
  1000:        102         80         75         77         64
  1005:         65         70         61         44         58
  1010:         54         38         29         37         36
  1015:         45         28         30         31         34
  1020:         18         37         20         15         22
  1025:         19         27         20         12         29
  1030:         20         17         15         12         16
  1035:         16         22         18         20         15
  1040:         19         15         14         20         15
  1045:         19         18         11         15         12
  1050:         13         17         23         10         24
  1055:         18         18         15         21         17
  1060:         19          7         17         16         12
  1065:         19         12         17         22         13
  1070:         15         16         17         23         14
  1075:         21         18         11          8         13
  1080:         17         22         17         23         17
  1085:          7         19         13         22         14
  1090:         13         17         20         16         14
  1095:         13         18          9         15         16
  1100:         24         10         15         10         10
  1105:         18         15         18         19          8
  1110:         14         20         10         20         17
  1115:         26         16         18         18         13
  1120:         11         20         16         16          9
  1125:         13         13         20         12         19
  1130:         13         14         14         19         12
  1135:         17         14         13         24         13
  1140:         10         10         21         20         15
  1145:         14         15         16          8         18
  1150:         12         19         12         12         12
  1155:         15         19         12         17         17
  1160:         16         17         14         19         21
  1165:         12         12         16         13         12
  1170:         14         17         19          8         15
  1175:          9         13          8          6          8
  1180:         15         15         16         16          6
  1185:         11         16          8         12         17
  1190:         12         15         17         12         13
  1195:         12         16         15         16          5
  1200:         11         16          9         13         11
  1205:         12         15         12         15          9
  1210:         11         11         11         12         11
  1215:         13         17         13         12         13
  1220:         10         17         22         15         17
  1225:         14         19         16         16         12
  1230:         16         20         13          9         20
  1235:         11         14         16         13          6
  1240:         11         16         12         10         11
  1245:         16         19         14          9         15
  1250:         16         15         16          9         18
  1255:         13         14         12         14         12
  1260:         22         15         12         12         14
  1265:         13         19          7         19         15
  1270:         14         18         14         12          9
  1275:         12         16         12          8          7
  1280:         18         10         22          7         17
  1285:         16         24         17         18         13
  1290:         20         15         13         13         14
  1295:         10         12         19         12         15
  1300:         13         14         12         11         11
  1305:         14         22         11         12         19
  1310:          8          9         14         17         10
  1315:         13         11         11          9         10
  1320:         21          9         11          9         10
  1325:         15         12         16         14         19
  1330:         14         20         11         12         10
  1335:         15         19         14         14         14
  1340:         14         10         14         14         10
  1345:         19          9         15         14         12
  1350:         15         13         11          6          6
  1355:         11         11         17         12         12
  1360:         13         13         15         13         16
  1365:         16          8         13         11         19
  1370:          8         12         16         20         17
  1375:         10         16          5         16         14
  1380:         13         11          9          9         11
  1385:         13         12         15         10          9
  1390:          4          7         12         10         15
  1395:          5         15         12         10          8
  1400:          9          6         13          9         12
  1405:         12         14         11         15         15
  1410:          7         10         11         12          8
  1415:          8         10         12          8          5
  1420:         10          7         11         12         10
  1425:         12          7         12         12         10
  1430:          9         13          9         15         17
  1435:          9         11         10          4         12
  1440:          7          6          6          9         11
  1445:          9          7         11          5         14
  1450:          5         15          8         11         10
  1455:         12          8          8         10          7
  1460:         10         13          9          7         10
  1465:         10          8          9         11         12
  1470:         12          4          8          8          6
  1475:         15          7          7          7         13
  1480:          9          9         10          9         11
  1485:          9         11         16          8         16
  1490:         15          8          8          9          7
  1495:         11         12         14          7         10
  1500:          9          7          4         12         11
  1505:         12          7         15         14          6
  1510:         10          7          9         11         13
  1515:         10          8         10         11          6
  1520:         12          5         10          8         11
  1525:          8         11          5          8         10
  1530:          7         11          7          7         16
  1535:          8          3         15         13          9
  1540:         14         13         13          5          8
  1545:         10          6         17          9          5
  1550:         12          9          9         11         10
  1555:         15          8         11         10          7
  1560:          8         11         12         15         12
  1565:          8          8          6          7         13
  1570:          7         10         11         10          7
  1575:         13          6         16         11         12
  1580:          8         14          5         13         10
  1585:         21         11         10          3          7
  1590:          8         14         11         12         13
  1595:         13         14          7         13          9
  1600:         13          9          8         14         12
  1605:         10         15         17          6         12
  1610:         12          6          7         12         17
  1615:         11         10          8         11          8
  1620:         12          9          5          8         10
  1625:         11          5          6         13         16
  1630:         11          9          4         10          7
  1635:          7         11          8         12         10
  1640:         10          8          8         10         11
  1645:          7          9          9          7         12
  1650:         10         13         10          7         10
  1655:         11          8          8         10         11
  1660:         10          8          6         13         11
  1665:          7         10          6          8          7
  1670:          8         11          8          5          5
  1675:         10          5         12          7         10
  1680:          8          4          6          9          9
  1685:         11         12          4          9          8
  1690:          9          4         14          8          6
  1695:          8          5          7          5          7
  1700:          8          8          4          8          5
  1705:          3          7          8          5          5
  1710:          5         14          7         10          6
  1715:          5          6          5          7          7
  1720:          3         11         10          6          5
  1725:          7          6         11         11          4
  1730:         13          9          9          4          4
  1735:         10          5          5          4         10
  1740:          4          7          9          2          7
  1745:          6         12         10          8          9
  1750:          7          6         10          6          6
  1755:          8          8          7          5          9
  1760:          5          6          7          6          9
  1765:          7          8          9          4          7
  1770:         11         10          5          1          5
  1775:          4          6          7         11          8
  1780:          6          4          8          6          1
  1785:          2         10          7          6          1
  1790:          6          8          6          6         10
  1795:          4          4          2          7          7
  1800:          4          4          5          9          6
  1805:          4          9          5          2          5
  1810:          7          6          2          5          5
  1815:          4          3          6          5          3
  1820:          4          3          2          1          4
  1825:          5          1          6          3          6
  1830:          4          6          5          6          4
  1835:          5          6          4          7          6
  1840:          4          6          2          1          3
  1845:          5          4          3          4          1
  1850:          7          5          3          4          8
  1855:          4          7          6          3          7
  1860:          1          3          5          6          3
  1865:          4          7          5          5          0
  1870:          4          4          5          8          3
  1875:          6          3          3          3          4
  1880:          4          4          6          4          3
  1885:          5          7          1          3          3
  1890:          5          3          8          3          1
  1895:          5          8          6          5          6
  1900:          4          8          4          6          4
  1905:          5          3          5          1          4
  1910:          7          1          1          2          4
  1915:          4          4          7          4          7
  1920:          6          8          6          5          2
  1925:          2          5          2          4          6
  1930:          4          7          3          6          7
  1935:          4          5          4          5          3
  1940:          3          5          9          5          6
  1945:          4          6          7          4          4
  1950:          7          4          5          4          7
  1955:          4          5         10          7         10
  1960:          6          3          2          2          5
  1965:          8         10          5          4          3
  1970:          6          6          7          8          6
  1975:          7         10          8          6          5
  1980:          4          6         10         15          9
  1985:          9         11          9         11          5
  1990:         11         10         12          8          9
  1995:         13         10          8         10         14
  2000:         13         17         40         48         54
  2005:         43         39         45         48         50
  2010:         56         41         44         49         29
  2015:         49         38         44         44         33
  2020:         33         23         35         28         38
  2025:         35         35         34         45         37
  2030:         34         30         28         38         24
  2035:         23         33         40         26         32
  2040:         33         28         34         19         24
  2045:         30         17         27
