ACQUISITION INFORMATION

Detector ID:  1
Detector description:
LAB4C1 MCB 1
Sample description:
Assorbimento
Real Time:  1550.719965
Live Time:  1546.399965
Acquisition start date:  31Oct2019
Acquisition start time:  09:26:37
Starting channel number:   0
Number of channels:   2048


CALIBRATION INFORMATION

ENERGY CALIBRATION
Units:
Energy Fit:  0.000000E+000  1.000000E+000  0.000000E+000
FWHM Fit:  1.000000E+000  0.000000E+000  0.000000E+000
Efficiency Terms:  0.000000  0.000000  0.000000  0.000000  0.000000
  0.000000  0.000000  0.000000  0.000000  0.000000


SPECTRUM
     0:          0          0         22        223        222
     5:        218        247        242        224        263
    10:        269        292        279        267        306
    15:        311        283        292        298        264
    20:        283        272        281        267        262
    25:        237        266        262        273        232
    30:        274        279        286        258        300
    35:        319        307        265        339        303
    40:        307        327        319        311        311
    45:        310        329        350        380        370
    50:        417        400        344        429        408
    55:        420        434        428        464        423
    60:        454        465        455        494        549
    65:        552        532        509        556        548
    70:        560        574        601        591        642
    75:        589        617        615        651        642
    80:        706        711        645        719        753
    85:        722        727        727        690        692
    90:        740        661        653        681        681
    95:        715        706        698        672        670
   100:        674        693        711        703        666
   105:        705        672        657        676        663
   110:        703        664        722        651        643
   115:        721        656        683        687        705
   120:        660        664        686        629        660
   125:        650        626        683        658        658
   130:        683        619        642        702        649
   135:        702        678        635        639        634
   140:        635        685        626        680        683
   145:        668        652        668        631        649
   150:        674        595        600        682        601
   155:        636        607        643        605        637
   160:        648        694        659        642        623
   165:        637        650        610        651        615
   170:        630        570        614        585        591
   175:        616        568        586        610        603
   180:        597        561        609        620        619
   185:        593        601        584        605        602
   190:        619        580        558        615        580
   195:        575        516        546        554        534
   200:        556        546        557        554        605
   205:        594        515        543        527        572
   210:        546        609        526        556        528
   215:        549        537        523        535        550
   220:        515        523        504        526        528
   225:        496        547        517        494        549
   230:        522        548        544        492        528
   235:        501        523        505        554        524
   240:        505        514        508        504        535
   245:        539        496        525        517        488
   250:        535        482        501        512        544
   255:        528        490        484        526        515
   260:        521        483        498        500        483
   265:        475        474        481        479        485
   270:        474        432        451        428        446
   275:        449        423        446        448        486
   280:        439        414        438        415        426
   285:        450        438        462        394        405
   290:        417        395        407        411        409
   295:        415        388        416        395        383
   300:        389        386        363        407        417
   305:        370        378        391        378        403
   310:        345        425        365        355        388
   315:        370        425        370        355        358
   320:        347        344        389        360        400
   325:        375        396        360        347        349
   330:        360        352        346        302        345
   335:        330        343        344        350        317
   340:        343        309        363        360        308
   345:        329        301        316        317        330
   350:        311        290        307        292        296
   355:        329        289        282        307        316
   360:        277        277        294        271        275
   365:        276        287        293        288        280
   370:        270        261        295        276        269
   375:        254        280        268        258        278
   380:        276        279        232        293        273
   385:        279        259        238        250        257
   390:        259        279        260        260        225
   395:        277        244        272        258        271
   400:        238        225        217        230        245
   405:        266        246        279        243        244
   410:        232        215        223        252        223
   415:        228        241        237        257        229
   420:        224        220        239        211        229
   425:        219        216        243        211        229
   430:        237        214        224        227        220
   435:        222        209        204        189        198
   440:        177        206        211        206        194
   445:        205        204        212        187        227
   450:        206        215        181        215        209
   455:        201        176        201        195        188
   460:        196        187        202        219        217
   465:        198        186        192        208        164
   470:        193        195        210        209        205
   475:        182        183        208        190        186
   480:        174        224        184        205        197
   485:        200        208        188        195        194
   490:        198        204        205        185        173
   495:        204        183        203        170        188
   500:        172        200        166        198        180
   505:        182        219        177        173        180
   510:        180        208        175        186        176
   515:        150        165        166        157        174
   520:        192        163        162        165        166
   525:        163        166        149        154        156
   530:        160        162        172        156        161
   535:        177        128        162        157        141
   540:        132        154        170        146        155
   545:        149        171        150        164        152
   550:        159        134        143        168        154
   555:        152        144        138        145        143
   560:        152        151        161        130        138
   565:        143        140        141        122        135
   570:        141        148        161        137        122
   575:        159        155        165        147        139
   580:        139        166        159        144        153
   585:        138        141        141        156        164
   590:        141        145        152        133        155
   595:        144        143        135        130        134
   600:        133        133        139        147        154
   605:        131        138        149        156        131
   610:        144        150        137        119        155
   615:        145        145        122        146        142
   620:        135        128        157        131        121
   625:        132        127        120        114        114
   630:        120        142        146        117        109
   635:        133        117        131        105        119
   640:        122        123        111        109        133
   645:        107        127        133        134        111
   650:        123        129        118        127        111
   655:        108        116        118        120        103
   660:         93        111         98        117        116
   665:        111         87        106         94         89
   670:        103         86        123         95        110
   675:         76         94         82        100        106
   680:        111         93         72         78        105
   685:         83         98         91        100         90
   690:         85         85         91         91        110
   695:         91        106         81         84         79
   700:         87         92         87         94         75
   705:         90         83         73         72         79
   710:         79         76         85         94         87
   715:         81         87        105         91         84
   720:         97         84         79         84        103
   725:         81         69         73         88         92
   730:         83         68         78         97         92
   735:         90         85        101         85         84
   740:         81         89         82         94         90
   745:         90         90         82         70         73
   750:         89         80         82         72         86
   755:         88         75        100         77         87
   760:         74         80         69         77         78
   765:         70         75         86         71         75
   770:         77         80         78         71         71
   775:         64         63         71         85         94
   780:         65         81         94         63         72
   785:         57         62         78         76         71
   790:         77         62         66         86         78
   795:         56         66         90         76         65
   800:         69         72         89         86         75
   805:         81         80         65         78         78
   810:         73         76         58         72         79
   815:         78         79         87         81         80
   820:         81         79         75         87         88
   825:         77         90         73         71         85
   830:         87         93         85         82         66
   835:         88         82         77         74         80
   840:         72         85         77         72         79
   845:         73         83         71         87         99
   850:         93         69         76         92         77
   855:        104         83         88         82         77
   860:        102         90        118         94         89
   865:        106         92        115         99         91
   870:        105         94        110        111         94
   875:        128        104        115        120        102
   880:        117        126        136        120        125
   885:        132        133        161        147        157
   890:        172        157        162        149        159
   895:        168        170        197        195        196
   900:        195        195        212        221        220
   905:        248        247        255        280        268
   910:        279        299        297        294        286
   915:        329        295        314        317        333
   920:        376        382        377        396        419
   925:        450        422        425        409        435
   930:        424        440        418        416        398
   935:        442        463        457        448        468
   940:        451        474        436        460        416
   945:        425        476        429        455        473
   950:        453        377        430        447        393
   955:        425        406        394        403        408
   960:        396        371        382        377        348
   965:        340        357        324        297        292
   970:        273        293        286        262        239
   975:        252        236        253        221        224
   980:        179        182        176        176        164
   985:        165        159        158        133        136
   990:        133        120        105         96        107
   995:         88         88         75         80         71
  1000:         68         53         77         61         41
  1005:         59         52         41         49         30
  1010:         43         34         36         34         23
  1015:         26         34         34         29         20
  1020:         35         19         20         22         42
  1025:         23         15         21         32         16
  1030:         13         15         23         22         17
  1035:         24          6         14         17         19
  1040:         18         17         19         14         19
  1045:         17         15         15         13         19
  1050:         21         16         15         17         11
  1055:         14         12         20         15         15
  1060:         18         14         14         13         19
  1065:         13         12         16         10         26
  1070:         14         22         17         13         20
  1075:         13         24         16         14         15
  1080:         18         20         22         17         16
  1085:         11         20         25         13         22
  1090:         17         18         25         12         15
  1095:          9         18         14          7         17
  1100:         12         14         14         22         17
  1105:         16         23         17         21         15
  1110:         10         15         12         13         25
  1115:         20         10         18         12         17
  1120:         13          9         12         19         14
  1125:         11         10         16         18         15
  1130:         11          9         22         21         10
  1135:          9         15         22         10          9
  1140:          8         14         12         18         13
  1145:         10         14         15         16         13
  1150:         12         17         12         14         19
  1155:         15         17          9         14          9
  1160:         14          9         13         21         15
  1165:          8         19         11          7         17
  1170:         13         18         16         13         18
  1175:         14          4         19         17         12
  1180:          8         10          9          4         15
  1185:         14          8         23         12         11
  1190:         16         12         17         11         15
  1195:         11          8         11         12         12
  1200:          8          8         15         11          7
  1205:          9         13         14         10         11
  1210:         11         10         13         13         12
  1215:         11         10         16          9         19
  1220:         10         10         10         12         10
  1225:         13         15         16          6         14
  1230:         21         13         22         13         10
  1235:          8         17         12         16          7
  1240:         15         13         14         12         13
  1245:         16         11         16         12         14
  1250:         20         12         15         11         14
  1255:         15         14         12         15          9
  1260:         11         16         18         10         10
  1265:         13         17         15         17         12
  1270:         16         13         12          9         16
  1275:         12         20         20         16         11
  1280:         19         15         17         15         20
  1285:         16         14         14         15         20
  1290:         14         14         11          8         16
  1295:         18         16         11         21         17
  1300:         19         14         24          9         15
  1305:         12         18         19          8         21
  1310:         17         13         10         15         21
  1315:         16         15          7         13         17
  1320:         12         21          7         11         20
  1325:         15         17          8         12         14
  1330:         17         11         23         16         16
  1335:         13         12         16         19         14
  1340:         11         14         16         14         16
  1345:         15         15         17         18         13
  1350:         12         13         14         11          8
  1355:         13         13         16         16         10
  1360:          6         14         13         24         17
  1365:          9         15         15         11         12
  1370:          8         16         11         14         14
  1375:         12         19         14         10         17
  1380:         12         13          9         11         13
  1385:         11         20          8         12          8
  1390:         13         13         15         10          9
  1395:         12          5          9          7         10
  1400:         14         13         13         13         13
  1405:         10         11          9         21         19
  1410:         10         13         10         10         11
  1415:          7         11         16         12         13
  1420:          9         14         10          8          7
  1425:          9         20          8          9          4
  1430:         12          8         11         10         16
  1435:          8          9         12          9          6
  1440:         15         11          6          7         13
  1445:         11          6         14          5         12
  1450:          5          9         11         11         10
  1455:         15          8          9         12         10
  1460:         12         14          6         15         14
  1465:         11          9         11          8         11
  1470:         13         12         10          9          6
  1475:          9          9          6          9         10
  1480:          7         14          7          4         11
  1485:         10          8          5          9          6
  1490:          7         10          8         10          6
  1495:         10          8          9         12         15
  1500:         10          9         12         12         10
  1505:         11         12          9          3          7
  1510:          9          7          7          7          8
  1515:         10         10         10         10          9
  1520:         14         10          6         12          8
  1525:          9          8         15         10          8
  1530:         11          8         10         11         13
  1535:         11         16         13         10          8
  1540:          7          9         14          8          6
  1545:         10         11          7          7         13
  1550:         10         18         11          8         12
  1555:         14         14          9         14          5
  1560:          6         12          9          6          6
  1565:         10          9         20         11         12
  1570:          9         19         12         10         13
  1575:          6         10          7          8          9
  1580:          7         11         16          9          8
  1585:          7         12         12         15         11
  1590:         11         12         10         10          8
  1595:         13         11          3         12          7
  1600:         15          9         10         10          9
  1605:         10         11         13         11          9
  1610:          8         15         13          6          6
  1615:          9          6          9         11          7
  1620:         14         12         11         10          8
  1625:         12          9         11         13         11
  1630:          8          8          5          7         13
  1635:         10         10          5          9          9
  1640:          8          8         11         13         10
  1645:          6         11         10         10          9
  1650:         10         10          7          9         12
  1655:          7          6          6          7          5
  1660:          6          5          7         10          8
  1665:          9          4          8         13          8
  1670:          7          6         10         12         11
  1675:          8         10         11          7          8
  1680:         11          7          8          7          8
  1685:          9          6          7          6          7
  1690:         11          7          7          8          8
  1695:         13         13          5         11          9
  1700:          4         12          8          1          9
  1705:         12          6          9          6          7
  1710:         10         12         10         10          9
  1715:          9         10          5          8          6
  1720:          6         16         10          9          7
  1725:          4          5          6          6         10
  1730:         11          6          7         10         11
  1735:          8          5          6         10          6
  1740:          9          8          8          9          8
  1745:          5          7          4          6          8
  1750:         12          7          7         12          4
  1755:          4          7          7          6         11
  1760:          8          7          5          4         14
  1765:          4          4          7         10          6
  1770:          6          3          9          6          7
  1775:          6          7          5          9          9
  1780:          6          7          4          7          6
  1785:          4          4          2          5          3
  1790:          3          4          6          6          4
  1795:          3          2          3          1          5
  1800:          3          7          7          5          9
  1805:          3          4          8          7          6
  1810:          3          6          3          6          5
  1815:          9          3          3          7          6
  1820:          9          5          3          3          5
  1825:          6          8          7          5          4
  1830:          3          9          4          7          1
  1835:          6          5          5          6          3
  1840:          5          5          7          1          6
  1845:          6          7         10          3          7
  1850:          4          4          4          4          3
  1855:          6          8          7          4          4
  1860:          8          4          5          4          4
  1865:          4          3          5          9          7
  1870:          2          2          5          5          5
  1875:          4          4          4          3          3
  1880:          3          4          3          8          5
  1885:          6          8          6          5          5
  1890:          4          4          5          4          6
  1895:          4          3          4          4          2
  1900:          5          1          3          1          3
  1905:          3          3          5          5          6
  1910:          3          0          5          4          3
  1915:          7          0          2          4          2
  1920:          4          5          2          3          7
  1925:          3          5          3          0          4
  1930:          5          8          9          3          6
  1935:          5          5          3          7          2
  1940:          7          4          5          3          5
  1945:          5         12          6          3          3
  1950:          4          8          8          2          3
  1955:          7          5          5          6          1
  1960:          5          5          8          6          5
  1965:          8          6          5          5          6
  1970:         10          4          5          3          7
  1975:          5          8         11         10         12
  1980:          9          8          9          7          4
  1985:          8          6          4          3         13
  1990:          4         10          7         11          7
  1995:          9          7         10         12          5
  2000:          8         15         38         46         54
  2005:         48         45         51         39         49
  2010:         44         41         60         41         39
  2015:         42         36         42         34         43
  2020:         42         42         43         45         39
  2025:         30         49         51         49         37
  2030:         39         27         28         31         24
  2035:         28         28         38         41         27
  2040:         26         27         39         26         24
  2045:         25         22         27
