ACQUISITION INFORMATION

Detector ID:  1
Detector description:
LAB4C1 MCB 1
Sample description:
Assorbimento
Real Time:  1549.999965
Live Time:  1544.339965
Acquisition start date:  31Oct2019
Acquisition start time:  11:15:50
Starting channel number:   0
Number of channels:   2048


CALIBRATION INFORMATION

ENERGY CALIBRATION
Units:
Energy Fit:  0.000000E+000  1.000000E+000  0.000000E+000
FWHM Fit:  1.000000E+000  0.000000E+000  0.000000E+000
Efficiency Terms:  0.000000  0.000000  0.000000  0.000000  0.000000
  0.000000  0.000000  0.000000  0.000000  0.000000


SPECTRUM
     0:          0          0         49        302        335
     5:        299        330        374        352        339
    10:        359        385        384        427        443
    15:        399        421        414        380        366
    20:        381        365        361        356        341
    25:        359        337        398        352        342
    30:        327        364        379        410        365
    35:        376        387        392        379        392
    40:        368        400        420        411        426
    45:        415        419        454        457        475
    50:        481        472        458        501        498
    55:        547        490        556        567        590
    60:        588        577        586        576        622
    65:        700        622        641        646        775
    70:        683        710        762        703        722
    75:        761        769        815        833        850
    80:        816        855        859        873        874
    85:        833        968        864        842        870
    90:        796        842        833        866        808
    95:        851        806        837        789        824
   100:        780        838        849        792        773
   105:        760        759        838        841        781
   110:        745        785        771        844        770
   115:        796        804        807        756        745
   120:        749        764        770        794        804
   125:        738        782        779        769        760
   130:        777        801        774        793        707
   135:        763        739        749        805        768
   140:        789        769        775        822        781
   145:        833        805        780        733        807
   150:        750        786        786        783        809
   155:        806        776        779        790        760
   160:        769        729        744        769        739
   165:        748        763        752        741        701
   170:        770        767        692        764        741
   175:        732        731        721        751        756
   180:        673        744        724        729        696
   185:        691        696        733        754        692
   190:        641        656        672        651        648
   195:        720        692        689        725        667
   200:        675        649        631        657        669
   205:        650        678        644        660        649
   210:        629        647        666        646        665
   215:        687        675        616        652        687
   220:        649        646        678        635        640
   225:        673        647        646        671        670
   230:        666        646        660        645        637
   235:        674        709        652        666        654
   240:        671        700        646        655        681
   245:        701        700        629        647        667
   250:        662        671        656        662        655
   255:        659        663        672        659        637
   260:        654        680        619        620        664
   265:        643        624        638        627        590
   270:        617        625        613        609        560
   275:        629        586        578        555        556
   280:        560        544        574        558        586
   285:        578        556        518        567        552
   290:        563        567        560        527        565
   295:        577        558        555        530        502
   300:        558        504        514        543        511
   305:        561        519        529        510        525
   310:        547        536        538        479        501
   315:        548        515        456        520        457
   320:        479        489        490        493        478
   325:        523        466        530        423        456
   330:        496        495        462        449        413
   335:        461        461        484        479        416
   340:        425        486        411        427        409
   345:        424        376        390        410        456
   350:        442        397        415        394        395
   355:        380        417        400        410        402
   360:        391        409        360        409        385
   365:        389        402        384        365        391
   370:        361        359        361        429        366
   375:        388        408        405        381        355
   380:        362        382        329        356        362
   385:        346        361        333        373        380
   390:        375        351        369        328        328
   395:        360        353        347        356        360
   400:        340        333        351        331        291
   405:        340        329        349        353        331
   410:        341        359        334        325        305
   415:        302        314        318        313        307
   420:        315        312        310        320        315
   425:        297        302        297        297        315
   430:        270        320        315        303        301
   435:        282        294        282        320        290
   440:        297        276        296        293        283
   445:        279        324        293        301        296
   450:        294        258        275        286        308
   455:        270        290        263        272        277
   460:        282        272        272        299        260
   465:        290        313        246        260        275
   470:        283        273        312        301        304
   475:        265        296        304        290        273
   480:        259        252        252        280        263
   485:        277        265        242        251        256
   490:        262        271        264        247        230
   495:        251        254        245        240        262
   500:        255        238        252        248        256
   505:        265        284        234        251        261
   510:        234        234        230        243        233
   515:        271        261        248        240        240
   520:        236        209        212        243        231
   525:        266        219        226        249        212
   530:        237        250        215        227        237
   535:        245        224        233        230        231
   540:        227        232        225        235        227
   545:        250        212        236        242        219
   550:        250        258        210        250        241
   555:        243        233        236        240        252
   560:        237        220        235        229        222
   565:        204        217        212        229        217
   570:        236        224        233        222        213
   575:        208        239        218        233        242
   580:        230        215        223        239        218
   585:        223        198        231        207        233
   590:        217        214        195        202        229
   595:        223        215        200        215        211
   600:        210        231        239        215        214
   605:        243        179        225        216        235
   610:        216        211        191        213        237
   615:        189        196        200        219        210
   620:        223        204        201        183        212
   625:        208        185        196        187        211
   630:        188        203        195        205        198
   635:        200        202        219        181        184
   640:        185        193        197        173        195
   645:        197        174        195        187        170
   650:        177        164        164        141        171
   655:        183        180        162        145        159
   660:        169        166        158        168        161
   665:        176        169        163        169        130
   670:        152        157        160        145        133
   675:        151        150        145        161        154
   680:        156        154        126        138        140
   685:        123        128        135        156        134
   690:        121        143        121        143        136
   695:        134        166        144        137        126
   700:        144        143        139        144        134
   705:        139        143        116        134        125
   710:        122        139        115        127        159
   715:        121        127        140        109        134
   720:        124        140        129        115        127
   725:        127        135        145        114        135
   730:        144        140        124        108        131
   735:        135        115        120        124        147
   740:        107        116        132        129         98
   745:        118        135        110        109        120
   750:        128        134        138        146        116
   755:        106        117        105        111        132
   760:        121        112        144        127        104
   765:        135        125         92        100        116
   770:        128        115        114        106        110
   775:         89        117        126        107        104
   780:        105        128        120        117        111
   785:        103         98        111        125        112
   790:        103        126        105        113        111
   795:        118        125        117        120        106
   800:        124        114        114         94        112
   805:        112        115        101         97         97
   810:        116         89        112        118        118
   815:        121         98        100        106        113
   820:        109        122        120        118        121
   825:        126        109        127        108        129
   830:        107        118        115        131        103
   835:        123        124        135        124        124
   840:        113        111        120        132        115
   845:        123        146        132        136        120
   850:        127        128        120        161        140
   855:        141        122        130        153        129
   860:        150        148        147        150        171
   865:        163        166        147        145        165
   870:        182        169        184        176        181
   875:        195        204        212        205        223
   880:        259        270        250        258        237
   885:        243        247        289        278        277
   890:        328        309        333        345        349
   895:        385        398        393        392        434
   900:        444        465        464        503        529
   905:        488        532        514        582        576
   910:        610        608        621        619        674
   915:        666        658        731        727        724
   920:        746        718        719        750        835
   925:        789        816        831        809        805
   930:        872        849        794        933        902
   935:        874        818        826        866        832
   940:        812        845        837        851        850
   945:        805        807        827        837        796
   950:        853        755        692        729        703
   955:        663        668        658        637        591
   960:        652        593        594        598        511
   965:        515        553        463        491        494
   970:        436        401        394        367        375
   975:        367        306        319        294        283
   980:        269        240        249        226        219
   985:        206        194        200        184        161
   990:        166        151        143        128        121
   995:        116         93         95         83         83
  1000:        106         67         54         64         59
  1005:         64         66         63         37         41
  1010:         32         50         36         30         35
  1015:         35         35         31         30         22
  1020:         30         36         24         21         25
  1025:         16         17         18         17         14
  1030:         16         28         16         21         18
  1035:         20         23         24          8         17
  1040:         21         24         17         17         18
  1045:         18         12         24         15         22
  1050:         16         13         23         18         24
  1055:          9         20         15         15         14
  1060:         19         17         23         22         20
  1065:         13         19         16         14         21
  1070:         22         14         21         16         25
  1075:         14         18         21         13         13
  1080:         17         16         19         19         12
  1085:         11         13         22         16         10
  1090:         21         17         13         16         10
  1095:         21         15          9         13         22
  1100:         10         12         15         22         15
  1105:         13         12         10         12         14
  1110:         20         20         11         18         11
  1115:         12         16         14         13         10
  1120:         22         14         14         13         16
  1125:         16         12         16          9         14
  1130:         17         19         17         15         13
  1135:         23         14         22         13         11
  1140:         12         16         14         11         11
  1145:         15         24         11         13          9
  1150:          7          9          7         14         21
  1155:         11         11         22         10         14
  1160:         11         12         16         12         15
  1165:         22         12         13         14          9
  1170:         11         13         14         22         16
  1175:          3         14         19         15         22
  1180:         18          9         12         14         11
  1185:         15         15         17          8         16
  1190:         13         11          7         12         19
  1195:         11         18         11          9          9
  1200:          9         13         12         14          7
  1205:         11         12         15         14          8
  1210:         11         16         19         15         12
  1215:         11         19          8         16         13
  1220:         12         16         21         13          8
  1225:          9          7          6         13         15
  1230:         10         14         13         15         12
  1235:         17         13         17         14         20
  1240:         14         11         10          8         16
  1245:         12         12         14          8         16
  1250:         19         18          9         12         11
  1255:          7         13         15         20         11
  1260:          9          9         14          9         11
  1265:         14         16         12         16         18
  1270:         18         12         18         17         13
  1275:         13         11         11         12         17
  1280:         24          7         20         15         12
  1285:         13         14          6         14         21
  1290:         12         15         15         15         13
  1295:         15         14         15         21         14
  1300:         13         16         20         14         16
  1305:         19          7          8         20          8
  1310:         16         11         18         10         18
  1315:         13          8          8         12         11
  1320:         19         17         14         15         13
  1325:         10         15         13         11          9
  1330:         12         18         14         13          7
  1335:         13         12         18          8         11
  1340:         11         11         13         14         10
  1345:         14          6         15          9         12
  1350:         24         16         14         11         15
  1355:         15         15         18         11         13
  1360:         15         16         13         17         23
  1365:         11         12         20         11          9
  1370:         15         15         16         13         15
  1375:         11         12         16         13         11
  1380:         11         12         14         11         12
  1385:         11         14         13         14         16
  1390:         10         10          5          8         12
  1395:         16          8         10          7         10
  1400:         13         11         13          7         12
  1405:         12          7         13         13         10
  1410:         11          7         13         12         12
  1415:         16         10         12          7         12
  1420:         11         14         15         13         12
  1425:         10         10          6         12         11
  1430:          5         10         10          8         12
  1435:         16          5          7         11         10
  1440:         12         11         11         10          9
  1445:         13          9         10         10          4
  1450:          8         10         11         14         13
  1455:          9          8          3         10         11
  1460:          6          6         11          6          9
  1465:         14         14         11         11          7
  1470:          7          8         13          8          6
  1475:          9         10         10          6          2
  1480:         11         12          6          4         12
  1485:         12          9         10          6          8
  1490:         10          8         10         11         11
  1495:          3          7         13          8          7
  1500:          6          7         17          7         10
  1505:          6         12         16         16         11
  1510:         12          7         13          7          8
  1515:          8          8         13         10          5
  1520:          9          7          6          8         13
  1525:         11         10         13          9          7
  1530:         12         12          6         11         12
  1535:         11          9          9         10          8
  1540:         10          8          5          8         11
  1545:         11          9          9         10          8
  1550:         10         11         18          7          9
  1555:          5          9         12          8         18
  1560:         13         12         10         12         12
  1565:         10          8          8         11         14
  1570:          8          6         15         10         18
  1575:         11         17         14          7          8
  1580:         13          6         13          7          9
  1585:         10         15         10         12         10
  1590:          6         11          9         14          6
  1595:         11          8          7          8          3
  1600:         14         11          8         19         14
  1605:         16          6          8          6         10
  1610:         11         11         12          5         10
  1615:         11          8         13          9          4
  1620:          7         12          9          8          4
  1625:         13          6          5          8         11
  1630:         11         10          9          8          7
  1635:          4         10          4         15         10
  1640:         14         10         13          4          9
  1645:         10         10          7          4         10
  1650:         12         10         12          8          9
  1655:          6          7          9         11          9
  1660:         10          9         10          9         10
  1665:          9         11          6          9          9
  1670:         15          6          6         10         10
  1675:          8          6         10          9         10
  1680:          3         13          4         13         10
  1685:          6          7         13          5         16
  1690:         11         12          8         10          4
  1695:          5         10          3          6          5
  1700:          4         12          9          7          3
  1705:          9          8          9          8          5
  1710:          8          6          8          8         13
  1715:          5          7          3         11          3
  1720:          8          9          3         11         11
  1725:          7          6          8          6         12
  1730:          6          7         10          9          5
  1735:         12          5         11         10          5
  1740:          7         10          9          5          2
  1745:          7          7          2          5          6
  1750:          4          3          5          5          7
  1755:         11          6          2          9         12
  1760:          7          5          5          6          3
  1765:          6          4          6          5          4
  1770:          8          3          5          7         10
  1775:          4          5          5          7          4
  1780:          1          2          6          4          6
  1785:          9          6          7          0          3
  1790:          2          5          5          5          3
  1795:          3          4         10         11          5
  1800:          3          4          6          6          8
  1805:          2          7          8          2          3
  1810:          7          6          6          4          4
  1815:          3          4          5          3          4
  1820:          5          4          5          8          8
  1825:          5          6          2          2          5
  1830:          2          4          5          7          7
  1835:          4          4          3          5          2
  1840:          4          6          8          3          6
  1845:          1          4          5          5          5
  1850:          1          3          7          4          3
  1855:          4          6          4          5          2
  1860:          5          5          5          4          4
  1865:          1          3          5          7          4
  1870:          2         10          3          4          4
  1875:          8          5          2          1          3
  1880:          4          4          5          5          1
  1885:          6          5          8          3          6
  1890:          4          7          2          3          6
  1895:          2          3          5          5          5
  1900:          8          6          8          2          5
  1905:          8          4          4          3          2
  1910:          2          5          1          6          2
  1915:          5          1          4          5          2
  1920:          9          5          6          2          2
  1925:          2          3          8          4          5
  1930:          5          6          4          4          5
  1935:          5          2          2          5          4
  1940:          3          7          5          5          6
  1945:          3          5          5          5          5
  1950:          9          8         10          6          3
  1955:          8          7          5          4          6
  1960:          7          6          5          5          9
  1965:          9         13          8         10          4
  1970:          4          8          6          8          9
  1975:          8          6         16          9          8
  1980:          7          9          8          2         11
  1985:          6          8          4          6          6
  1990:         13         15         10          4          4
  1995:          7         10          9         13          7
  2000:          6         15         48         58         48
  2005:         59         47         52         45         53
  2010:         35         45         43         47         54
  2015:         43         43         45         45         39
  2020:         39         40         32         48         31
  2025:         31         28         48         36         30
  2030:         37         40         31         32         35
  2035:         38         30         33         23         35
  2040:         33         28         28         23         20
  2045:         30         33         17
