ACQUISITION INFORMATION

Detector ID:  1
Detector description:
LAB4C1 MCB 1
Sample description:
Assorbimento
Real Time:  1551.379965
Live Time:  1546.139965
Acquisition start date:  31Oct2019
Acquisition start time:  10:48:20
Starting channel number:   0
Number of channels:   2048


CALIBRATION INFORMATION

ENERGY CALIBRATION
Units:
Energy Fit:  0.000000E+000  1.000000E+000  0.000000E+000
FWHM Fit:  1.000000E+000  0.000000E+000  0.000000E+000
Efficiency Terms:  0.000000  0.000000  0.000000  0.000000  0.000000
  0.000000  0.000000  0.000000  0.000000  0.000000


SPECTRUM
     0:          0          0         56        269        292
     5:        280        308        307        303        341
    10:        335        342        339        360        333
    15:        372        398        387        369        388
    20:        356        339        364        319        352
    25:        343        329        298        308        343
    30:        356        327        347        331        353
    35:        331        375        362        362        366
    40:        341        344        389        394        382
    45:        408        390        449        428        423
    50:        469        471        415        478        478
    55:        446        522        501        516        578
    60:        582        554        569        552        605
    65:        599        592        632        673        686
    70:        659        681        671        655        745
    75:        712        807        748        774        730
    80:        757        782        817        807        806
    85:        833        838        806        887        810
    90:        792        777        812        795        766
    95:        782        759        817        767        799
   100:        801        815        785        769        785
   105:        781        748        774        756        713
   110:        748        779        743        736        780
   115:        772        759        753        740        739
   120:        740        736        742        766        740
   125:        731        802        755        754        768
   130:        734        751        728        733        729
   135:        715        724        739        730        743
   140:        776        751        722        709        768
   145:        681        709        733        695        773
   150:        750        703        758        699        707
   155:        759        744        711        745        737
   160:        747        711        731        738        736
   165:        716        682        751        663        710
   170:        674        781        694        759        685
   175:        660        699        696        646        726
   180:        706        664        678        673        648
   185:        668        667        691        674        690
   190:        686        648        636        647        697
   195:        650        641        652        640        666
   200:        651        632        645        691        596
   205:        657        629        651        656        666
   210:        583        560        606        615        652
   215:        567        598        598        613        627
   220:        613        575        608        659        641
   225:        624        638        599        595        586
   230:        604        642        608        636        625
   235:        587        612        624        526        611
   240:        653        641        635        623        641
   245:        634        632        614        588        588
   250:        636        647        641        638        599
   255:        636        655        615        623        624
   260:        584        585        619        595        597
   265:        564        585        568        521        575
   270:        603        650        556        598        532
   275:        519        525        542        505        565
   280:        541        528        509        517        569
   285:        544        517        493        494        448
   290:        498        466        545        542        533
   295:        463        472        509        478        491
   300:        472        465        477        512        458
   305:        472        501        470        450        471
   310:        497        454        498        486        481
   315:        486        458        429        494        476
   320:        461        471        462        444        404
   325:        505        421        474        457        452
   330:        412        439        392        411        451
   335:        431        408        383        438        400
   340:        390        401        396        414        397
   345:        389        384        398        358        399
   350:        373        390        381        386        396
   355:        363        363        351        394        331
   360:        339        376        354        376        331
   365:        346        374        349        324        358
   370:        349        340        362        325        345
   375:        364        342        325        335        319
   380:        321        292        315        352        307
   385:        306        327        322        324        317
   390:        331        315        334        315        305
   395:        289        309        313        304        294
   400:        315        284        310        308        317
   405:        331        318        318        286        321
   410:        295        278        278        313        258
   415:        291        325        322        286        301
   420:        299        289        288        301        288
   425:        287        262        269        253        274
   430:        289        272        254        279        289
   435:        297        288        266        272        250
   440:        271        253        256        245        271
   445:        262        250        301        248        277
   450:        269        267        226        275        267
   455:        258        247        225        256        251
   460:        262        245        233        225        278
   465:        233        231        279        268        263
   470:        281        243        263        278        272
   475:        247        247        244        247        292
   480:        274        255        266        258        265
   485:        256        231        272        245        241
   490:        254        235        231        244        225
   495:        222        256        241        242        221
   500:        253        217        244        236        246
   505:        232        242        227        204        242
   510:        238        217        234        198        213
   515:        230        199        224        229        214
   520:        201        210        223        189        219
   525:        185        205        209        196        193
   530:        206        177        219        195        222
   535:        189        223        223        231        203
   540:        208        198        198        234        197
   545:        204        200        189        208        208
   550:        185        200        196        214        203
   555:        192        223        218        190        188
   560:        191        190        228        190        210
   565:        189        187        208        191        212
   570:        193        185        199        198        201
   575:        191        211        220        226        188
   580:        198        190        217        193        191
   585:        189        200        212        216        212
   590:        214        216        180        221        183
   595:        165        199        170        192        188
   600:        179        205        203        201        197
   605:        192        194        164        188        203
   610:        189        181        194        178        172
   615:        187        196        180        172        167
   620:        196        183        174        163        162
   625:        192        188        157        198        167
   630:        176        177        190        161        166
   635:        168        155        178        182        166
   640:        169        181        150        209        144
   645:        150        173        142        190        162
   650:        170        157        150        144        152
   655:        143        164        144        163        157
   660:        124        147        147        164        112
   665:        135        142        131        141        130
   670:        139        137        127        136        122
   675:        132        134        131        145        122
   680:        121        128        125        126        124
   685:        116        117        134        134        103
   690:        114        138        126        114        127
   695:        137        119        108        120        127
   700:        108        107        108        116        113
   705:        125        114        124        133        108
   710:        119        112        104        125        111
   715:        112        114        117        120        119
   720:        127        109        129        122        126
   725:        102        108        120         89        134
   730:        110        128        106        111        116
   735:        112        109         98        121         92
   740:        101        105        116        102        107
   745:        128        105        116        110        114
   750:        113        104        100        100        122
   755:         99         97        100        130         97
   760:         99        113         98        102         98
   765:         99        116        102        107        127
   770:         97         99        106         92         92
   775:        113         89         98        109        102
   780:        118        113        108        104        100
   785:        103        113        117        112         93
   790:        107        100         95        103         96
   795:        121        115         86        101        110
   800:        104        106         95         93        107
   805:        116         93        106        107        109
   810:         90         97        110        102        112
   815:        105         91        104         98         99
   820:         94        115        106         87        110
   825:         88        132        104         99        111
   830:        105         91        101        113         88
   835:         98        110         95        105        116
   840:        108        105        107        120        117
   845:        100        106        118        105        119
   850:        109        128        118        118        128
   855:         96        119        119        126         97
   860:        124        122        142        101        135
   865:        136        150        135        143        149
   870:        130        148        133        173        153
   875:        164        179        181        162        188
   880:        180        197        192        195        219
   885:        241        214        209        269        251
   890:        266        277        277        297        306
   895:        304        302        323        356        356
   900:        370        378        381        379        399
   905:        406        420        443        417        491
   910:        489        482        518        516        551
   915:        542        522        563        542        637
   920:        595        624        626        653        644
   925:        632        713        651        701        717
   930:        707        712        694        724        742
   935:        697        708        706        718        733
   940:        689        711        726        659        678
   945:        714        679        716        666        686
   950:        663        649        630        626        627
   955:        593        614        622        592        558
   960:        560        545        485        497        516
   965:        466        461        435        421        436
   970:        409        342        366        347        334
   975:        296        321        305        288        255
   980:        273        228        261        224        213
   985:        210        175        162        157        162
   990:        141        131        114        121        112
   995:        107         91         84         93         75
  1000:         96         76         59         72         62
  1005:         56         34         52         48         30
  1010:         36         42         31         41         37
  1015:         40         19         34         29         32
  1020:         25         24         26         15         23
  1025:         21         26         20         18         22
  1030:         22         24         17         10         14
  1035:         23         25         19         21         13
  1040:         17         19         19         18         15
  1045:         22         21         13         17         15
  1050:         14         16         20         19         11
  1055:         16         13         18         20         15
  1060:         22         17         13         16         15
  1065:         20         11         17         13         17
  1070:         10         31         15         18         11
  1075:         10         15         15         15         21
  1080:         11         11         14         11         19
  1085:         12         19         13         10         14
  1090:         17         10         14         11         16
  1095:         23         14         13         10         15
  1100:          9         13         17         17         15
  1105:         19         13         16         12         20
  1110:         16         10         10         14         10
  1115:         17         17         12         15         12
  1120:         10         17         17         14         15
  1125:         14         17         12          7          6
  1130:         11         15         11         14         19
  1135:         12          7         16         21         18
  1140:         16         12         14         17         12
  1145:         17         18          9         16         11
  1150:          8         10         13         17         14
  1155:         17          8         18         13         12
  1160:         14         14         16         16         11
  1165:         10          8          6         11         13
  1170:          9         10          7         15          9
  1175:          9         20         15         14         11
  1180:         13         14         10          9         19
  1185:         13         18         15         16         15
  1190:         14         18         13         13         17
  1195:         10         15         11         13         12
  1200:          8          8          9         10          7
  1205:         10         16          8         16         17
  1210:         13         11          9         15          9
  1215:         12          9         11         11         16
  1220:         13         11         10         17         10
  1225:         17         16          9         10         10
  1230:         14          9         12         10         12
  1235:         16         16          9         10         12
  1240:         12         20          9          6          8
  1245:         20         14         18         19         10
  1250:         16         12         13         13         19
  1255:         11         13         21         13         17
  1260:         18          9         11         18         18
  1265:         11         21         11         13         15
  1270:         13         11         19         13         14
  1275:         11         14         19         21          6
  1280:         14         15         11         13         12
  1285:         12         17         17          8         17
  1290:         22         16         13         16         10
  1295:          8         17         15         18         16
  1300:         18         14         14         16         18
  1305:         10         12         18         15         14
  1310:         10         15         14         10         15
  1315:         19         14         17         17         11
  1320:         12         16         12         21         13
  1325:         20         13         12         15         11
  1330:         16         20         12          9         11
  1335:         14         17         15         14         18
  1340:         17         12         15         11          6
  1345:         18         18          5          9         15
  1350:         15         13         15         12          9
  1355:         14          9          8         14         12
  1360:         21          8          9          6         12
  1365:         18         22         11          8          7
  1370:          8         14         11          9         12
  1375:         13         12         14         16         19
  1380:         16         13         12         10         12
  1385:         16         12          4          8         13
  1390:          7          8         10         15         13
  1395:         11         10         13         14          4
  1400:         12          9          8         12         12
  1405:         15         12          9         12         12
  1410:          9          7          9         12         10
  1415:         13         15         11         11         14
  1420:         11         17          6         17         14
  1425:         15          6          8          4         13
  1430:          9          5         11          6         11
  1435:         10          9          6          9         12
  1440:          6         10          9         15          6
  1445:         13         12          9         10          8
  1450:         12         11         10          7          8
  1455:          7          7          5          4         14
  1460:         12          2         10         10          4
  1465:         12          9         11          9          9
  1470:         10         11          3          9         10
  1475:          9          9         11          7          6
  1480:         10         10         13          5          3
  1485:         12          7         13          5         12
  1490:          9          6         11          8         10
  1495:         13          4         11          3         14
  1500:         12          5         10          8          6
  1505:         17          8          4         12          6
  1510:          9         13         13          7         11
  1515:         11         10          7         11          8
  1520:          9         12         12         10         12
  1525:          6         10         12         12         10
  1530:          8          6          6         14          9
  1535:          7         17          7          7         12
  1540:         10          7          9         17          7
  1545:          9          8         14         11         12
  1550:          9          9         14          6          4
  1555:         12         18         15         16         13
  1560:         15         11          6          9          9
  1565:          8          6         17         12         11
  1570:          7          9         10         15         10
  1575:          9          7          8          6         11
  1580:          6         13         10         11         14
  1585:          9          7         12          7         17
  1590:         13         19          9         11         15
  1595:          9         11         12         11         14
  1600:         10         11         15          9         10
  1605:         12         10         12         13          4
  1610:          9          9          7         14         14
  1615:         14          8         11         12          9
  1620:         19         14         14          8         12
  1625:          9         10         13         15         16
  1630:          8         11         13          7         14
  1635:         10         13         13         13         11
  1640:          7         15         10         13          8
  1645:          9         10          3         10         13
  1650:          8         13         11          7         11
  1655:         10         10         10         11         10
  1660:         14          6         12          8         13
  1665:          5          6         10         11          6
  1670:         14          7         10          6          3
  1675:          7         11         10          8          4
  1680:          9          9          8         13         14
  1685:          5          7         10         12          6
  1690:         12          3          9          8          5
  1695:         10          4          9         13          4
  1700:          4          8          6          6          9
  1705:          6          5          7          5          9
  1710:          9         10          8          6         10
  1715:          6         10          3          7          4
  1720:          4          7          6          7          6
  1725:          8          7          9          7         11
  1730:          9         11          3          3          8
  1735:          5          7          4         11          8
  1740:         10          8          7          5          7
  1745:          3          8          3          5         12
  1750:         11          4          7          9          8
  1755:          8          4          4          6          5
  1760:          9          7          7          9          6
  1765:          5         10          6          5          8
  1770:          8          1          5          5          4
  1775:          5          8          6          5          9
  1780:          2          4          5          4          7
  1785:          4          1          6          6          7
  1790:          3         11          7          6          3
  1795:          5          4          6          6          5
  1800:          4          5          8          1          6
  1805:          9          7          3         13          6
  1810:          3          1          6          7          2
  1815:          9          5          4          9          6
  1820:          7          5          5          5          7
  1825:          5          4          5          7          5
  1830:          4          5          3          2          6
  1835:          5          2          2          2          6
  1840:          0          6          5          8          4
  1845:          6          2          7          6          4
  1850:          6          5          4          7          5
  1855:          2          2          7          4          3
  1860:          3          7          4          3          3
  1865:          3          7          3          5          4
  1870:          5          4          3          4          5
  1875:          4          7          1          7          3
  1880:          4          2          5          2          7
  1885:          5          3          3          0          3
  1890:          5          5          4          2          4
  1895:          4          7          5          2          4
  1900:          3          5          1          4          2
  1905:          7          4          6          9          6
  1910:          3          6          5          3          3
  1915:          3          3          5          3          3
  1920:          6          4          6          4          3
  1925:          5          4          3          9          4
  1930:          4          6          4          6          9
  1935:          5          3          6          6          4
  1940:          3          4          7          4          7
  1945:          8          7          3          3          3
  1950:          3          4          6          6          9
  1955:          6          2          4          7          7
  1960:          5          6         10          6          9
  1965:          8          6          6          7          8
  1970:          4          2         14          6         13
  1975:          4          6          9          7          7
  1980:         10          4          5          6          7
  1985:          5          6          8          5         11
  1990:          5          8          7          7         15
  1995:         22          7         10          9         10
  2000:          8          8         51         53         38
  2005:         47         42         37         48         63
  2010:         55         32         36         39         36
  2015:         33         41         32         45         46
  2020:         46         42         48         37         25
  2025:         44         34         40         34         30
  2030:         40         35         38         37         31
  2035:         28         28         23         32         35
  2040:         35         27         23         26         28
  2045:         28         28         27
