ACQUISITION INFORMATION

Detector ID:  1
Detector description:
LAB4C1 MCB 1
Sample description:
Assorbimento
Real Time:  1550.539965
Live Time:  1546.359965
Acquisition start date:  30Oct2019
Acquisition start time:  12:03:47
Starting channel number:   0
Number of channels:   2048


CALIBRATION INFORMATION

ENERGY CALIBRATION
Units:
Energy Fit:  0.000000E+000  1.000000E+000  0.000000E+000
FWHM Fit:  1.000000E+000  0.000000E+000  0.000000E+000
Efficiency Terms:  0.000000  0.000000  0.000000  0.000000  0.000000
  0.000000  0.000000  0.000000  0.000000  0.000000


SPECTRUM
     0:          0          0         27        221        205
     5:        223        236        237        259        223
    10:        266        258        239        264        256
    15:        258        289        244        234        256
    20:        261        255        219        244        238
    25:        276        275        242        235        254
    30:        240        255        269        257        257
    35:        294        298        283        258        274
    40:        295        276        300        315        331
    45:        337        351        355        333        373
    50:        373        373        387        380        359
    55:        422        412        417        446        436
    60:        426        463        473        457        517
    65:        514        536        548        502        540
    70:        569        587        586        636        604
    75:        593        661        624        680        614
    80:        661        619        644        671        723
    85:        697        706        661        758        682
    90:        706        682        692        727        685
    95:        641        644        669        665        685
   100:        724        685        671        668        637
   105:        662        651        661        678        679
   110:        673        662        648        658        680
   115:        671        657        627        666        689
   120:        634        665        661        598        660
   125:        617        672        634        692        675
   130:        647        607        664        598        625
   135:        650        638        635        664        657
   140:        661        654        615        730        644
   145:        639        632        604        602        626
   150:        634        636        628        604        653
   155:        597        652        571        603        593
   160:        656        641        653        610        628
   165:        659        641        589        610        589
   170:        584        604        590        568        615
   175:        551        567        645        611        563
   180:        584        586        532        567        587
   185:        599        538        522        560        582
   190:        533        561        559        522        551
   195:        570        547        532        530        535
   200:        555        523        544        531        520
   205:        526        533        492        527        544
   210:        490        503        534        536        507
   215:        494        491        480        479        526
   220:        524        495        495        517        545
   225:        488        481        483        516        469
   230:        463        482        496        528        514
   235:        485        484        516        545        500
   240:        524        491        500        497        521
   245:        510        496        473        482        473
   250:        503        494        503        493        501
   255:        486        496        476        492        430
   260:        462        430        466        431        486
   265:        496        434        445        419        462
   270:        457        464        432        461        441
   275:        420        444        412        389        436
   280:        408        398        404        430        390
   285:        399        377        412        402        356
   290:        391        386        385        373        389
   295:        373        351        381        392        364
   300:        360        351        357        372        390
   305:        367        401        349        351        398
   310:        367        400        401        372        343
   315:        380        372        373        360        329
   320:        340        340        324        394        327
   325:        333        314        357        325        336
   330:        336        295        316        333        318
   335:        306        338        293        315        325
   340:        330        330        270        303        288
   345:        302        275        312        314        282
   350:        303        291        290        290        280
   355:        266        265        278        274        275
   360:        245        266        267        256        255
   365:        254        299        278        226        267
   370:        262        269        281        274        243
   375:        237        274        257        256        266
   380:        263        242        256        251        266
   385:        235        237        237        259        261
   390:        247        231        238        218        241
   395:        243        206        232        252        227
   400:        230        217        211        214        254
   405:        233        236        203        217        219
   410:        222        246        224        221        204
   415:        192        203        208        220        197
   420:        222        223        209        187        186
   425:        208        199        203        183        220
   430:        202        204        224        239        215
   435:        191        194        196        215        219
   440:        174        183        195        199        212
   445:        205        197        200        186        173
   450:        197        181        191        198        178
   455:        208        185        202        174        215
   460:        203        202        187        167        209
   465:        178        188        184        201        208
   470:        186        184        181        177        187
   475:        192        201        167        196        180
   480:        173        197        171        188        190
   485:        182        170        198        207        184
   490:        189        157        176        154        171
   495:        177        185        188        193        194
   500:        175        180        148        175        166
   505:        181        163        167        181        161
   510:        167        155        147        156        152
   515:        152        148        163        143        141
   520:        156        153        140        158        162
   525:        167        139        135        164        138
   530:        165        165        129        150        139
   535:        170        154        133        144        153
   540:        147        137        148        128        135
   545:        150        126        132        134        128
   550:        157        131        145        128        149
   555:        118        162        143        143        134
   560:        125        137        150        125        140
   565:        134        156        122        146        119
   570:        141        124        133        168        135
   575:        124        154        135        114        147
   580:        129        139        127        144        158
   585:        125        127        143        139        129
   590:        144        152        129        115        140
   595:        139        131        112        123        119
   600:        113        113        139        136        123
   605:        144        123        129        134        107
   610:        119        118        137        120        131
   615:        112        136        111        127        102
   620:        129        121        115        117         99
   625:        110        125        102        104        127
   630:        108        113        116        134        122
   635:        115        109        117         98        109
   640:        138        111         96        104        113
   645:        121         91        109         88        109
   650:        116        100        102        104        110
   655:         94         88         96         93         75
   660:         95        121         86         91        102
   665:         91         85        101         99         99
   670:         77         78         89         91         85
   675:        103         81         76         94        107
   680:         93         63        116         78         83
   685:         84         76         93         83         78
   690:         77        102         86         73         81
   695:         84         74         71         91         86
   700:         62         83         79         90        100
   705:         86         83         91         76         85
   710:         80         72         67         76         71
   715:         66         79         81         80         70
   720:         84        108         86         71         73
   725:         83         72         93         87         96
   730:         66         85        105         66         66
   735:         83         79         61         68         93
   740:         76         77         75         80         76
   745:         75         67         65         67         65
   750:         72         63         59         70         78
   755:         74         79         75         63         80
   760:         70         77         61         60         74
   765:         70         68         61         50         62
   770:         65         63         73         65         70
   775:         83         68         77         87         73
   780:         51         90         57         77         60
   785:         66         67         67         56         59
   790:         57         74         75         73         81
   795:         76         64         67         64         67
   800:         70         71         72         58         69
   805:         73         75         58         79         63
   810:         74         77         73         60         65
   815:         52         75         74         66         59
   820:         69         90         67         78         85
   825:         86         78         80         63         72
   830:         82         64         73         77         68
   835:         83         79         83         89         75
   840:         89        108         69         70         76
   845:         88         97         90         74         73
   850:         58         77         79         71         85
   855:         94         82         92         96         83
   860:         83         79         81        103         90
   865:         90         86        105        105        107
   870:        122         96        108        101        109
   875:        125        120        134        132        129
   880:        142        151        142        151        138
   885:        158        154        161        183        163
   890:        197        216        205        196        192
   895:        234        220        229        234        280
   900:        251        261        247        298        283
   905:        297        283        306        290        341
   910:        335        319        315        342        349
   915:        328        306        359        398        367
   920:        419        387        414        387        399
   925:        396        405        413        385        399
   930:        380        432        415        414        420
   935:        428        409        410        390        420
   940:        404        399        381        380        418
   945:        390        390        344        331        340
   950:        358        303        317        338        294
   955:        260        299        298        268        302
   960:        271        259        234        226        223
   965:        230        206        186        217        175
   970:        193        159        166        158        126
   975:        143        133        130        146        133
   980:        113        116         95        106         81
   985:        100         74         69         64         74
   990:         57         70         44         42         57
   995:         44         48         44         37         43
  1000:         38         30         34         43         36
  1005:         27         24         22         28         25
  1010:         27         27         25         24         23
  1015:         19         28         17         19         18
  1020:         16         12         24         18         14
  1025:         25          6         29         21         12
  1030:         16         20         17         16         13
  1035:         16         12         13         17         22
  1040:         11         14         20         17         18
  1045:         14         11         24         19         23
  1050:         23         17         24         23         21
  1055:         21         19         19         20         22
  1060:         20          9         17         18         20
  1065:         11         13         19         14         17
  1070:         17         18          8         14         20
  1075:         12         12         16         15         20
  1080:         19         13         11         14         15
  1085:         10         12         19         18         15
  1090:         15         20         19         18         21
  1095:         19         16         19         18          8
  1100:         10         16         17         15         12
  1105:         23         16         19         15          8
  1110:         11         22         20         16         10
  1115:         15         22         13         14         16
  1120:         19         20         14         14         16
  1125:          8         19         19         11         18
  1130:         20         18         13         14          3
  1135:         11         17         13         13         11
  1140:         15         11         11         15         13
  1145:         14         16         13         27         13
  1150:         11         11         14          9         10
  1155:         17         15          7          8         10
  1160:         11         11         13         12         11
  1165:         18         14          9         17         19
  1170:         13         11         11         17         16
  1175:         16         14         11         10         12
  1180:         11         11         15         11         11
  1185:         13          7         10          8          8
  1190:         18         13         14         12         15
  1195:         16          9          9         17         12
  1200:         10         12         11         19         15
  1205:         17         21         12          8         13
  1210:         14         11         18         10         11
  1215:          9         10         19         13          9
  1220:         11         20         18         13         13
  1225:          7         15          9          9         15
  1230:          9         18         12         13         18
  1235:         14         15         16         11         12
  1240:         12         14         14         15         11
  1245:         17         10         11         15          8
  1250:         14         18         11         17         19
  1255:         12         19         17         13         20
  1260:         20         12         15         13         13
  1265:         10         16         15         21         10
  1270:         14         10         14         19         17
  1275:         13         17         22         17         10
  1280:         10         15         10          7         17
  1285:         18         26         18          9         19
  1290:         14         14         22         15         15
  1295:         14         17         15         15         14
  1300:          9         13         20         13         16
  1305:         12         11         10         18         17
  1310:         14         13         14         13         24
  1315:         15          9         15         14         18
  1320:          9         12          3         15         12
  1325:          8         17         12         14         13
  1330:         16         17         14         12         17
  1335:          7         17         10         16         16
  1340:         10         14          7         15         12
  1345:         13         18          7         11         15
  1350:         14         15         14          9         10
  1355:         14         18         16         15         18
  1360:         10         11         20         11         15
  1365:          8         15          8         17          9
  1370:         10         18         14         11         13
  1375:         12         16         10         16         12
  1380:         12          6         11         12         16
  1385:          8         13         15         15         14
  1390:         12          9          5         16         10
  1395:         13          6         10         11          8
  1400:         19         21          8         14         11
  1405:          8          5          6          3          6
  1410:          6          6         16         12         14
  1415:          6          8         10         15          5
  1420:          9          9         15         13          7
  1425:          7          9          7          7          7
  1430:          8         13         11         13          9
  1435:         12          5          2          6         12
  1440:          8          7         10          7         11
  1445:         13         12         10          7         15
  1450:          9         10          9          5         13
  1455:          6          7          9          9         11
  1460:          9          5          6          6          6
  1465:          7          8         13          9          9
  1470:         11          5         11         14         13
  1475:          9          9         14          9         12
  1480:         11          6          9          9         11
  1485:          6          4          6         12         17
  1490:          8          7         12          8         12
  1495:         10         11         11          3          5
  1500:          9          8         12         10         10
  1505:         12          5          8          8         10
  1510:          6         13         11          8          9
  1515:         12         16         13         12          9
  1520:         16          9         10          7          9
  1525:          2          5         10         13          9
  1530:         12         11         12         11          8
  1535:          8          9         14         11         11
  1540:         19          9         11          8          5
  1545:         11          7         10         13         10
  1550:          8         17          7          9          6
  1555:         12          8         12         12          6
  1560:         12         13         12          8          9
  1565:         12          8          6         14         16
  1570:          8          8         10          4          7
  1575:         10         15         10         10         18
  1580:         15          8          8          7         17
  1585:         11         12          8          9          6
  1590:         12         13         11         12         11
  1595:          9         15         13          7          9
  1600:          4          7         13         13          6
  1605:         10         16         12         12         12
  1610:         12          6          5          8          9
  1615:         13          9          9         11          3
  1620:         15         11         10          4          9
  1625:         11          6          7         11          8
  1630:          9          9         13          2          7
  1635:          9          5          8          7          8
  1640:         11          5          6          7          3
  1645:          5         14          9          5          7
  1650:         11          5         10          8          7
  1655:          5          6          7          9          6
  1660:          8          9          6          9          7
  1665:          6         13          5          8          8
  1670:          4          8          5          6          7
  1675:          4         10          9          8          9
  1680:          9          5          4          6          9
  1685:          7          4          9          8          6
  1690:         12          4          8          4         11
  1695:          5          4          5          7          6
  1700:          7          5          4          5         14
  1705:          7          6          5         13         13
  1710:          7          5          8          9          8
  1715:          3          9          7          8         10
  1720:          5          8          7         12          2
  1725:          2          5          9          7          4
  1730:         13          3          5          8          8
  1735:         13          6          7          6          5
  1740:         12          7          5          3          6
  1745:          6          3          8          9          3
  1750:          3          8          7         11          5
  1755:          5          4          5          6          4
  1760:          5          7          7          3          6
  1765:         11          8          3          4          3
  1770:          2          7          6          6          3
  1775:          3          2          5          1          6
  1780:          6          4          3          6          4
  1785:          3          3          9          3          4
  1790:          6          0          3          5          2
  1795:          6          3          7          4          2
  1800:          7          4         10          6          3
  1805:          4          5          8          3          1
  1810:          8          3          6         11          5
  1815:          2          5          4          5          1
  1820:          7          2          4          7          8
  1825:          3          9          9          3          5
  1830:          4          4          4          5          6
  1835:          1          2          3          7          3
  1840:          4          6          6          3          4
  1845:          6          6          6          5          3
  1850:          3          7          1          6         11
  1855:          4          1          3          2          4
  1860:          3          2          6          6          6
  1865:          8          3          5          2          5
  1870:          5          6          5          3          4
  1875:          0          7          2          3          2
  1880:          7          5          4          6          6
  1885:          3          8          3          3          7
  1890:          7          4          3          8          5
  1895:          4          3          3          5          1
  1900:          4          6          1          6          3
  1905:          2          1          3          5          2
  1910:          4          6          3          2          4
  1915:          6          6          3          7          4
  1920:          8          7          3          3          7
  1925:          3          8          4          7          8
  1930:          5          5          8          5          8
  1935:          7          2          8          9          3
  1940:          2          6          4          8          7
  1945:          3          6          4          7          7
  1950:          6          3          6          5          7
  1955:          7          6          6          5          6
  1960:          3          4         10          3          9
  1965:          4          5         10          7         11
  1970:          4          6          9          6          9
  1975:          9          9         13          6          3
  1980:          9          8          9          8          7
  1985:          7          6          6         15         13
  1990:         11         10          4         11          6
  1995:          9         10         14         14         14
  2000:         11         17         63         54         55
  2005:         53         35         38         56         42
  2010:         39         36         36         34         36
  2015:         51         38         42         37         41
  2020:         37         41         38         33         38
  2025:         35         37         45         32         27
  2030:         40         22         32         33         26
  2035:         33         27         36         24         41
  2040:         30         28         23         19         16
  2045:         24         22         14
