ACQUISITION INFORMATION

Detector ID:  1
Detector description:
LAB4C1 MCB 1
Sample description:
Assorbimento
Real Time:  1550.539965
Live Time:  1545.659965
Acquisition start date:  31Oct2019
Acquisition start time:  10:21:45
Starting channel number:   0
Number of channels:   2048


CALIBRATION INFORMATION

ENERGY CALIBRATION
Units:
Energy Fit:  0.000000E+000  1.000000E+000  0.000000E+000
FWHM Fit:  1.000000E+000  0.000000E+000  0.000000E+000
Efficiency Terms:  0.000000  0.000000  0.000000  0.000000  0.000000
  0.000000  0.000000  0.000000  0.000000  0.000000


SPECTRUM
     0:          0          0         39        259        271
     5:        264        264        287        286        300
    10:        323        303        318        345        335
    15:        336        331        341        353        308
    20:        334        300        293        306        285
    25:        289        297        316        276        319
    30:        281        322        316        333        355
    35:        334        305        366        331        344
    40:        334        304        408        355        366
    45:        384        405        399        403        408
    50:        405        440        411        413        509
    55:        477        504        483        483        491
    60:        514        552        519        517        588
    65:        603        566        586        626        633
    70:        639        657        656        634        669
    75:        709        672        669        723        761
    80:        694        769        773        746        824
    85:        766        803        758        772        754
    90:        737        748        740        706        700
    95:        735        710        715        730        757
   100:        723        729        730        765        738
   105:        748        684        741        751        688
   110:        692        703        700        738        723
   115:        727        701        775        727        729
   120:        688        722        661        753        750
   125:        756        658        721        652        702
   130:        773        696        683        711        681
   135:        664        715        696        684        736
   140:        687        651        749        721        683
   145:        676        676        743        666        675
   150:        698        680        723        706        698
   155:        709        739        658        702        775
   160:        614        696        698        673        739
   165:        670        681        664        676        676
   170:        690        697        686        677        650
   175:        683        651        596        656        665
   180:        647        680        680        679        641
   185:        649        681        623        627        661
   190:        638        640        642        614        632
   195:        598        621        665        622        624
   200:        579        592        591        601        606
   205:        592        613        594        604        597
   210:        642        618        617        582        540
   215:        573        565        578        607        557
   220:        570        583        585        574        590
   225:        546        618        566        558        581
   230:        592        604        583        588        573
   235:        575        574        585        578        555
   240:        618        593        562        603        583
   245:        575        602        631        583        555
   250:        590        593        543        518        573
   255:        575        535        593        544        542
   260:        523        546        567        570        549
   265:        510        542        545        538        533
   270:        504        518        493        525        500
   275:        539        511        483        474        550
   280:        482        510        490        489        453
   285:        459        500        433        495        470
   290:        508        479        472        490        476
   295:        462        454        414        447        443
   300:        433        459        446        439        463
   305:        438        467        427        432        443
   310:        436        464        432        460        438
   315:        424        429        402        398        398
   320:        405        442        388        422        404
   325:        434        404        430        376        386
   330:        386        391        400        422        351
   335:        415        410        377        375        401
   340:        394        373        371        362        338
   345:        372        348        331        353        361
   350:        364        324        353        356        329
   355:        340        354        317        338        309
   360:        311        349        296        337        337
   365:        333        340        374        323        335
   370:        324        312        296        323        313
   375:        346        300        291        310        306
   380:        318        319        297        330        287
   385:        319        286        294        324        311
   390:        296        314        296        324        269
   395:        273        301        274        300        285
   400:        282        303        287        295        271
   405:        265        280        275        295        284
   410:        270        278        280        271        284
   415:        266        284        254        285        293
   420:        267        270        274        263        256
   425:        236        241        263        262        252
   430:        271        269        239        237        282
   435:        233        254        252        246        251
   440:        254        243        248        246        229
   445:        243        223        230        230        234
   450:        242        229        232        220        236
   455:        226        253        252        227        213
   460:        215        216        209        220        224
   465:        258        193        235        214        257
   470:        246        227        229        239        242
   475:        245        259        218        247        239
   480:        228        212        235        221        205
   485:        218        220        236        192        197
   490:        215        203        210        222        217
   495:        175        190        226        218        203
   500:        206        192        213        210        232
   505:        213        215        192        195        191
   510:        215        226        192        193        215
   515:        202        233        208        205        193
   520:        196        193        208        195        193
   525:        164        185        181        195        190
   530:        181        184        193        200        189
   535:        200        182        197        185        198
   540:        195        188        199        184        189
   545:        188        187        184        179        181
   550:        182        191        178        184        173
   555:        167        159        171        167        172
   560:        177        168        182        186        187
   565:        167        182        187        166        183
   570:        161        186        175        175        197
   575:        177        164        187        156        163
   580:        183        178        181        187        170
   585:        188        169        179        183        170
   590:        176        161        185        189        182
   595:        176        165        163        188        172
   600:        185        159        173        176        181
   605:        173        172        181        179        158
   610:        182        148        173        176        158
   615:        164        173        178        155        156
   620:        135        163        184        160        157
   625:        138        174        159        157        154
   630:        161        153        138        153        156
   635:        159        145        165        158        150
   640:        111        149        152        152        133
   645:        157        139        131        143        148
   650:        165        151        135        132        139
   655:        150        118        146        135        128
   660:        123        129        117        133        128
   665:        126        119        105        122        109
   670:        130        113        140        114        120
   675:        112        106         96        106        118
   680:        106        111        100        122        122
   685:        100        103        133        104        112
   690:         94         96        127        110         93
   695:        103        119         99        103        103
   700:        105        110         85         97        102
   705:         77         99         88        106        107
   710:         86        114        105        110        117
   715:        108        107        110        121         84
   720:         97        107        113        104         94
   725:        103        102        109        103         98
   730:         93        114        100         81        101
   735:         85        113        103         79         87
   740:        116        103         97         95        115
   745:        113        107         87         95         87
   750:         92         94         82         95         83
   755:         83         89         97         85        111
   760:         80         91         94         89         83
   765:         94         85        115        103        107
   770:        110         67         88         83         94
   775:         94         85         93        102         81
   780:        112        103        102         94         74
   785:        106         96         89        100         75
   790:        111        101         76         92         97
   795:         83         81         75        103        107
   800:         83         77         85         89         90
   805:         81         93         90        106         96
   810:        109         96         98         85         82
   815:         91         99         87         88         93
   820:         92        100         80         87         83
   825:         97         98         92         87         97
   830:         89        100        114        102         98
   835:        106         82        105         90         84
   840:        105        102        103         96         96
   845:        100         82        106        106         98
   850:        111        109        102        108        106
   855:        109         98         96        107        110
   860:        105        110         90        120        105
   865:        115        127        136        117        131
   870:        145        143        118        158        118
   875:        157        182        158        152        140
   880:        161        148        169        174        207
   885:        185        199        218        214        201
   890:        183        209        230        244        280
   895:        258        287        262        276        271
   900:        325        324        333        332        298
   905:        332        395        334        364        396
   910:        406        439        458        406        426
   915:        422        467        479        475        490
   920:        537        508        528        521        528
   925:        532        576        500        619        594
   930:        609        633        569        592        585
   935:        633        602        614        667        621
   940:        662        594        593        597        583
   945:        593        606        599        639        577
   950:        570        606        567        489        571
   955:        569        573        498        483        453
   960:        509        465        423        439        459
   965:        357        404        387        376        368
   970:        333        326        324        290        275
   975:        300        279        276        235        235
   980:        256        235        223        216        177
   985:        183        159        168        136        147
   990:        122        119        103        137        109
   995:        101         72         96         84         84
  1000:         74         81         53         53         58
  1005:         46         54         38         38         36
  1010:         45         50         28         37         24
  1015:         33         25         26         28         20
  1020:         24         20         22         22         25
  1025:         18         24         28         21         17
  1030:         16         16         22         22         15
  1035:         25         12         21         22         21
  1040:         21         11         19         16         11
  1045:         16         20         19         20         18
  1050:         16         15         19         15         13
  1055:         17         17         21         14         15
  1060:         25         13         18         17         27
  1065:         21         14         22         25         16
  1070:         18         23         10         15         14
  1075:         12         14          8         17         20
  1080:         16         10         14         14         17
  1085:         12          4         15         15         14
  1090:         20         15         14         15         18
  1095:         19         13         14         13         18
  1100:          8         10         20         12         11
  1105:         13         22         21         17         10
  1110:         23         14         14         15         16
  1115:         21         20         21         14         12
  1120:         16          9         18         21         10
  1125:         14         22         17         16         19
  1130:          7         15         12         17         15
  1135:         18         11         17         17         16
  1140:         20         10         17         10         10
  1145:         13         16         12          7          7
  1150:         22         18         15         17         12
  1155:         11         13         10         11         16
  1160:         15         15         15         17         14
  1165:         17         12          8         10         14
  1170:         11         14         14         19         15
  1175:         17         21         17          9         19
  1180:          9         11         17         13         15
  1185:         19         17          9         14         11
  1190:         10          9         15         12         12
  1195:         18         13         13         11         10
  1200:         14         17         10         16          9
  1205:          5         12         10         10         16
  1210:         10         11         13         10         16
  1215:         16          9         15         12         12
  1220:          7          4         11         14         16
  1225:          9         17         13         17         12
  1230:         10          6          9         11         13
  1235:         11         11         21         10         13
  1240:          9          8          7         11         12
  1245:         12         14         11         16         15
  1250:         16         11         13         13         11
  1255:         19         24         10         20         12
  1260:         16         14         15         15         13
  1265:         11         12         14         17         12
  1270:         11         13         15         14         12
  1275:         10         17         16         16         18
  1280:         16         17         15         13         14
  1285:         13         15         18         15         12
  1290:         17         18         11         12         14
  1295:         16         13          7          9         22
  1300:          8         25         22         14         14
  1305:         12         22         16         16          8
  1310:         15         10          9         15         18
  1315:         17         19         13         12         13
  1320:         14         15         12         16         10
  1325:         18         11         12         14         14
  1330:         11         17         16          6         12
  1335:         14         17          7         23         13
  1340:          5         15         12          9         13
  1345:         10         15         10         14         11
  1350:         19         14         11         13         11
  1355:         12         17         12          9         13
  1360:         13         14          8         15         13
  1365:         12         16         11         13         11
  1370:         15         12          9         11         12
  1375:         10         17         12          8         13
  1380:         12         11         12         14         10
  1385:         11         12         18          7         11
  1390:          9         14         11         12         14
  1395:         16         14         15          8         14
  1400:          9         11         12          9         13
  1405:         10         12         14         11          9
  1410:         13         15         11          5         20
  1415:         12          9          6         11         11
  1420:          7         11          9         10         10
  1425:          7          7         12          6         13
  1430:         10          8          8         11          6
  1435:         12         11         10          8         11
  1440:          5         10          8          5          9
  1445:         14         11         14         11         17
  1450:          8         11          8          5         10
  1455:         11         11         15         14         11
  1460:          9          5         11          8          6
  1465:          6          9          4          6          4
  1470:          7          9         11         11         12
  1475:         14         14          9         11          9
  1480:         10         11          8         10         13
  1485:          7         10          9          8         15
  1490:          9          9         11          6          8
  1495:         10          6          6          8         12
  1500:          7          9         12         11          6
  1505:         13          6          9         12         11
  1510:          7          9          7          9          8
  1515:          7          6         12          8         11
  1520:         10          9          9          3         12
  1525:         10         10          6         12         11
  1530:         14         10         16         14         10
  1535:         11         12         12          8          9
  1540:          9          7          9         14         10
  1545:          3          9         11         16          7
  1550:         12         14          5          9         11
  1555:         13          8         14          8         11
  1560:          5          8          9         14         12
  1565:         10         11          8         10         15
  1570:          9          6         10         13         11
  1575:          9          8         13          7          9
  1580:         10         13          7          8         11
  1585:         10         12          8          9          8
  1590:         14          5          9         16          6
  1595:          8         11          9          9         11
  1600:          7         12         10          9          9
  1605:         12          9         12          8         11
  1610:         12         13          9          6         14
  1615:         12         11         21         12         18
  1620:         11         12          8          8         13
  1625:         13          8         11          7          7
  1630:         11         15          9          8          8
  1635:          9         10          8          6          8
  1640:         12          8         17          8         13
  1645:         13         10          8          7          8
  1650:         10          9          5          9         12
  1655:         16          7          7          9          8
  1660:          6         12          5          5         12
  1665:          9         11         11          6          7
  1670:          8          5          7         10          5
  1675:          7          6         13          9         10
  1680:         11          6          9         13          6
  1685:          8          4         10          7          6
  1690:          3         15          7          7         11
  1695:         13          8          9          7          6
  1700:          7          7         10          4          7
  1705:          8         10          5         10          5
  1710:          5          5          7          8         10
  1715:          7          8         11          5          8
  1720:          6          8          4          5          7
  1725:          8          9          4          5          6
  1730:          5          7          5          5          6
  1735:          7          3          8          7          6
  1740:          7          4          8          8          7
  1745:          9          7          3          5          5
  1750:          5          8         11          8          7
  1755:         14          3          6          9          6
  1760:         12          6         12          3          3
  1765:          6          7          3         14          9
  1770:         13         10          6          4          4
  1775:          3          6          6          3         10
  1780:          6          8          1          5          3
  1785:          7          4          7          4          5
  1790:          7          5          2          4          7
  1795:          7         11         11          6          6
  1800:         12          5          2          7          6
  1805:          9          6          2          6          3
  1810:          8          4          6          5          3
  1815:          3          6          7          5          6
  1820:          7          3          4          8          5
  1825:          2          3          3          3          6
  1830:          3          5          4          4          6
  1835:          3          5          9          3          6
  1840:          5          7          4          2          3
  1845:          5          5          3          6          4
  1850:          8          2          7          6          1
  1855:          4          4          3          5          1
  1860:          5          2          8          1          5
  1865:         12          4          3          3          7
  1870:          2          2          5          2          6
  1875:          2          4          7          2          7
  1880:          4          3          1          3          4
  1885:          4          3          5          4          2
  1890:          1          3          4          9          7
  1895:          4          4          5          6          3
  1900:          6          3          5          4          8
  1905:          4          2          4          4          3
  1910:          5          1          7          5          7
  1915:          3          7          5          7          9
  1920:          6          5          7          7          3
  1925:          2          2          3          3          4
  1930:          3          5          6          7          6
  1935:          3          4          2          6          2
  1940:          2          6          6          3          2
  1945:          2          7         10          5          3
  1950:          7          5          5          9          4
  1955:          5          6          9          4          6
  1960:          4          8          5          4          6
  1965:          4          7          4          1          7
  1970:          7          7          8          6          5
  1975:          5          7          9          3          9
  1980:          7          7          9          9          7
  1985:          9          6         12         12         10
  1990:          8         14          9         11          8
  1995:          6          8          6         10          6
  2000:         10         13         52         41         42
  2005:         57         52         47         37         47
  2010:         39         37         41         41         58
  2015:         49         41         31         41         31
  2020:         41         45         52         44         41
  2025:         48         32         33         40         45
  2030:         34         36         31         30         35
  2035:         32         27         27         27         23
  2040:         21         26         32         22         27
  2045:         28         27         20	0	0
