ACQUISITION INFORMATION

Detector ID:  1
Detector description:
LAB4C1 MCB 1
Sample description:
Assorbimento
Real Time:  1549.999965
Live Time:  1541.719966
Acquisition start date:  31Oct2019
Acquisition start time:  12:11:29
Starting channel number:   0
Number of channels:   2048


CALIBRATION INFORMATION

ENERGY CALIBRATION
Units:
Energy Fit:  0.000000E+000  1.000000E+000  0.000000E+000
FWHM Fit:  1.000000E+000  0.000000E+000  0.000000E+000
Efficiency Terms:  0.000000  0.000000  0.000000  0.000000  0.000000
  0.000000  0.000000  0.000000  0.000000  0.000000


SPECTRUM
     0:          0          0         86        509        508
     5:        574        548        553        541        594
    10:        600        644        613        705        674
    15:        710        705        691        666        664
    20:        638        574        598        629        537
    25:        538        541        515        523        516
    30:        543        551        551        538        505
    35:        531        536        532        566        524
    40:        523        526        550        597        570
    45:        568        583        553        631        635
    50:        620        646        667        656        619
    55:        656        677        696        725        710
    60:        737        737        814        778        786
    65:        825        833        782        881        918
    70:        861        993        966       1008        992
    75:       1010       1041       1107       1095       1068
    80:       1137       1027       1106       1084       1098
    85:       1143       1125       1190       1072       1152
    90:       1089       1067       1082       1099       1116
    95:       1002       1072       1080        999       1025
   100:       1051       1015       1027       1003        983
   105:        987       1033        939        949        918
   110:        998       1031        930        928       1014
   115:        999        965       1004       1003        932
   120:        959        944        962        907        982
   125:        941        917        981       1017       1004
   130:        966        943        981        911        971
   135:       1019        952        956        951        955
   140:        942        956        979        927        953
   145:        971        946        941        960        926
   150:       1016        939        894        914        988
   155:        926        943        949        942        958
   160:        960        963        970       1015        954
   165:        982        915        936        956        969
   170:        917        931        963        926        906
   175:        923        945        923        859        928
   180:        953        932        888        946        917
   185:        946        967        879        975        907
   190:        865        941        864        948        897
   195:        906        869        879        870        828
   200:        905        849        831        865        802
   205:        859        848        854        846        856
   210:        875        875        849        837        843
   215:        804        863        883        804        851
   220:        868        882        843        847        856
   225:        843        851        883        856        861
   230:        864        934        838        801        887
   235:        871        878        862        875        872
   240:        826        911        892        881        905
   245:        895        902        957        894        907
   250:        901        947        871        873        864
   255:        890        877        906        899        897
   260:        887        827        891        795        838
   265:        868        869        844        888        866
   270:        809        834        816        883        850
   275:        858        882        857        815        819
   280:        830        840        804        749        798
   285:        712        781        793        765        733
   290:        774        741        800        738        720
   295:        756        734        795        730        737
   300:        747        764        661        663        701
   305:        741        697        731        679        744
   310:        689        689        727        739        704
   315:        719        705        709        712        693
   320:        706        711        722        649        686
   325:        711        679        686        686        652
   330:        676        634        633        630        650
   335:        642        614        643        649        638
   340:        606        598        586        592        602
   345:        670        604        586        580        570
   350:        657        572        570        548        591
   355:        564        576        567        564        539
   360:        549        580        538        594        556
   365:        543        549        533        527        562
   370:        560        552        528        511        529
   375:        556        528        509        554        549
   380:        519        533        483        531        487
   385:        544        517        493        515        511
   390:        536        533        478        460        478
   395:        477        516        528        500        491
   400:        471        512        484        492        503
   405:        490        501        483        494        496
   410:        458        529        464        493        507
   415:        482        499        440        454        445
   420:        495        477        453        438        480
   425:        430        431        415        419        433
   430:        459        445        411        443        455
   435:        453        433        403        434        437
   440:        421        417        430        418        407
   445:        478        397        395        439        360
   450:        449        420        475        449        435
   455:        435        439        407        458        416
   460:        424        401        427        404        414
   465:        387        425        399        417        433
   470:        402        432        406        441        423
   475:        411        404        413        421        399
   480:        381        382        411        429        376
   485:        430        385        396        388        441
   490:        392        436        378        398        420
   495:        435        408        415        413        402
   500:        374        393        396        381        395
   505:        374        395        412        377        390
   510:        363        389        411        373        378
   515:        401        387        364        404        351
   520:        410        383        346        389        371
   525:        379        362        387        382        364
   530:        390        387        375        384        377
   535:        375        396        352        371        386
   540:        361        362        362        351        392
   545:        401        365        360        376        395
   550:        399        415        378        372        403
   555:        375        375        408        410        388
   560:        363        368        360        389        393
   565:        400        375        393        403        360
   570:        351        392        396        407        400
   575:        407        379        375        389        358
   580:        386        399        391        378        371
   585:        392        361        398        356        371
   590:        382        370        422        388        380
   595:        389        352        373        360        345
   600:        420        418        406        377        371
   605:        391        393        341        356        364
   610:        378        370        357        367        356
   615:        376        356        370        373        368
   620:        353        423        355        353        379
   625:        363        354        369        372        318
   630:        335        359        347        332        356
   635:        343        368        319        327        351
   640:        322        352        325        316        320
   645:        345        293        317        304        316
   650:        321        279        312        290        316
   655:        265        264        317        269        273
   660:        312        287        268        314        288
   665:        256        265        277        265        274
   670:        251        240        249        266        255
   675:        242        278        245        258        251
   680:        243        245        245        257        264
   685:        243        246        233        235        238
   690:        262        225        231        224        240
   695:        235        245        210        220        234
   700:        204        252        220        243        207
   705:        231        214        180        224        214
   710:        231        219        200        211        208
   715:        240        220        226        237        224
   720:        206        224        221        205        211
   725:        243        229        229        236        217
   730:        227        203        200        213        213
   735:        209        214        222        186        198
   740:        224        195        194        177        215
   745:        206        157        228        207        180
   750:        206        210        189        186        205
   755:        191        179        198        185        197
   760:        198        178        202        185        179
   765:        201        179        189        169        168
   770:        207        192        201        192        208
   775:        202        183        205        214        181
   780:        169        177        211        179        189
   785:        189        197        193        176        188
   790:        189        196        201        191        190
   795:        185        181        219        187        191
   800:        188        176        189        181        183
   805:        183        183        169        194        182
   810:        180        193        190        182        189
   815:        203        195        189        180        190
   820:        171        197        171        184        168
   825:        202        178        190        208        205
   830:        225        177        206        179        222
   835:        185        194        184        183        212
   840:        184        189        191        213        177
   845:        216        208        186        208        227
   850:        232        215        194        229        222
   855:        215        262        221        230        227
   860:        238        265        283        275        277
   865:        264        306        291        292        302
   870:        302        337        358        338        366
   875:        359        394        391        426        447
   880:        434        417        444        473        512
   885:        527        549        567        544        669
   890:        667        681        670        692        701
   895:        731        802        788        812        863
   900:        881        922        949        954       1035
   905:       1027       1058       1118       1144       1144
   910:       1245       1220       1276       1338       1322
   915:       1337       1425       1410       1404       1449
   920:       1472       1538       1552       1612       1579
   925:       1614       1540       1628       1554       1690
   930:       1644       1669       1740       1603       1741
   935:       1670       1719       1704       1782       1740
   940:       1602       1718       1671       1673       1559
   945:       1571       1615       1599       1526       1492
   950:       1467       1472       1408       1352       1350
   955:       1389       1267       1221       1256       1186
   960:       1144       1132       1035       1048       1002
   965:        935        880        864        888        804
   970:        783        761        744        699        630
   975:        616        579        606        525        469
   980:        445        443        397        384        383
   985:        376        311        304        274        277
   990:        268        199        223        187        213
   995:        187        146        162        127        146
  1000:        119        110        113        102         75
  1005:         75         71         70         78         59
  1010:         48         62         42         36         48
  1015:         37         35         41         32         23
  1020:         24         25         32         22         29
  1025:         19         19         26         25         26
  1030:         23         22         16         29         14
  1035:         14         18         13         16         21
  1040:         17         15         16         12         16
  1045:         13         17         24         29         18
  1050:         18         12         19         16         16
  1055:         23         15         17         20         21
  1060:         11         22          6         26         14
  1065:         17         20         18         16         10
  1070:         14         12         13         24         24
  1075:         16         22         17         14         17
  1080:         15          8         18         16         15
  1085:         15         14         19         11         12
  1090:         14         16         20         16         14
  1095:         16         17         21         17         12
  1100:         16         15         23         12         11
  1105:         20         20         14         22         17
  1110:         16         17          8         12         14
  1115:         10         20         20         23         18
  1120:         16         11         17         15         16
  1125:         14         19         19         12         20
  1130:         23          8          9         12         12
  1135:         12         20         11          9         14
  1140:         17         18         16          6         22
  1145:         10         10         19         17         15
  1150:         15         20         11         14         13
  1155:         14          9         19         12         18
  1160:         22          8         17         12         16
  1165:         17          9         17         19         16
  1170:         10         12         15         16          7
  1175:         18          8         21         15         11
  1180:         15         10         11         20         12
  1185:          9         10         14         16         10
  1190:         15         14         19         12         12
  1195:          9         15         12         10          8
  1200:         10         11         14         13         11
  1205:         14         14          7          8         18
  1210:         13         13          9         11         10
  1215:         15         10         17         12         13
  1220:         12          9         14         10         12
  1225:         12         11         10          9         13
  1230:         14         11         16          9         16
  1235:         13         14         11         16         14
  1240:         19         10         13         17         11
  1245:         18          7         14         12         11
  1250:         17         16         17         11         11
  1255:         11         11         12         12         11
  1260:         19         11         10         10         11
  1265:         17         14         14         13         16
  1270:         16         15         13         14         15
  1275:         10         10         13          9         19
  1280:         24         14         10         16         10
  1285:         12         10         17         14         16
  1290:         20         18         10         17         14
  1295:         21          9         11         14         20
  1300:         21         13         15         17         16
  1305:          5         19         15         13         22
  1310:         15         11          9         16         16
  1315:         17         18          8         10         14
  1320:         18         15         15         12         15
  1325:         20          8         12         12         15
  1330:         20         15         16         14         14
  1335:         14          6         14         18         14
  1340:         11         15          9         14         18
  1345:         18         11          8         11         13
  1350:         14          7          7          7          9
  1355:         15         18         10         17          9
  1360:         11         12         13          9          8
  1365:         14         16         16         18         12
  1370:          8         17         14         10         13
  1375:          7         16         15         11          7
  1380:         19         17         13         16          9
  1385:         12         10          9         10         15
  1390:         16         15         10         13          8
  1395:         14         11         12         10          3
  1400:          9          9         10         10         17
  1405:         14         13         17         10         11
  1410:          6         10          7         20          9
  1415:         15          7         15          9         10
  1420:          7          6          9          8          8
  1425:          7         13          7          7          6
  1430:          9         11         12          7          7
  1435:          5          8         12         18         10
  1440:          5          9          8          9          9
  1445:         12         10         11         12          7
  1450:         17          7         11         13          6
  1455:          7          8          9          9         13
  1460:         11          6          9          8          9
  1465:          9          8         13          9         10
  1470:          6         12         15         11         10
  1475:         10          9         12         14          8
  1480:          3         11         11         13         11
  1485:          9         12         17         12          8
  1490:          8          9          7         12          7
  1495:         11          6         10          8         15
  1500:          7          6         14          8          9
  1505:         13         13         11          9          6
  1510:         13         10          7         11          9
  1515:         10         14          8          4          9
  1520:          9         11          6         10         10
  1525:         15          8          5          9         12
  1530:         10         15         17         11         10
  1535:          9         10          8         14         13
  1540:          6          7          8         13          8
  1545:         12          6         10         10         10
  1550:         10         10          9         12          7
  1555:          9         11         13         11         14
  1560:         12          7         12          8         10
  1565:          7          5         18         11          8
  1570:         13          6         14         11         14
  1575:          4         19         10         10         13
  1580:         10          5         10          9         13
  1585:         10         10          8          9          7
  1590:          6          9         10         14         10
  1595:          6         14          7         10          8
  1600:         11          7          4         12         15
  1605:         14          9         13          7         10
  1610:         15         10          8         11          8
  1615:         10         10          9         10         10
  1620:          7         10         12         11         10
  1625:          6          8          9         17          8
  1630:         10         11          5         10         11
  1635:          5          8         11          8         10
  1640:         11          8          7          9          8
  1645:          4          7          6          8          8
  1650:         13         10          8          5          7
  1655:          8          8          8          7         10
  1660:         10          7          7         12         13
  1665:         11          7          8          6         11
  1670:         11          8          7          5          5
  1675:          6         10          5          8          4
  1680:          9          8          9         11          8
  1685:          4          7         10         10          6
  1690:          5         11          7          9          8
  1695:          7          6          9          8          5
  1700:         14         11          6          6         10
  1705:          3         11         12          6          6
  1710:          7          7          6          3          5
  1715:          9          3         13          9          7
  1720:          4          3          6          9          5
  1725:         10         11          7          4          6
  1730:         10          4          4         16          8
  1735:          8          8          4          8          1
  1740:         10          4          6          4          3
  1745:          3          8          8          4          2
  1750:          8          8          5          4          5
  1755:          4          8          7          8          3
  1760:          4          6          8          6          5
  1765:          7          3         11          4          5
  1770:          4          6          5          3          8
  1775:          0          5         10          8          7
  1780:          3          9          5          8          8
  1785:          6          5          7          6          4
  1790:          3          6          5          6          6
  1795:          2          5          4          6          6
  1800:          7          6          6          5          3
  1805:         12          6          7          2          6
  1810:          3          4          4          5          5
  1815:          3          8          4          2          3
  1820:          3          3          4          6          6
  1825:          2          3          8          6          9
  1830:          3          7          3          3          3
  1835:          4          5          3          3          6
  1840:          5          4          2          2          3
  1845:          3          7          8          3          6
  1850:          3          5          5          5          4
  1855:          6          1          6          6          3
  1860:          2          3          5          3          0
  1865:          6          2          5          2          5
  1870:          8          3          5          2          2
  1875:          4          9         10          5          5
  1880:          3          5          3          2          4
  1885:          5          6          6          5          4
  1890:          5          5          2          2          2
  1895:          4          2          2          5          6
  1900:          2          3          7          4          4
  1905:          8          0          5          9          2
  1910:          6          3          4          4          5
  1915:          4          3          3          6          8
  1920:          2          4          6          3          7
  1925:          3          2          1          5          2
  1930:          7          7          8          6          2
  1935:          6          5          4          7          6
  1940:          8          7          6          4          5
  1945:          6          4          4          8          9
  1950:          6          5          5          9          8
  1955:          8          5          6          5         11
  1960:          5          4         12          5         12
  1965:          8          4          1          5          6
  1970:         10          5          7          7          4
  1975:          7          6         13          5         13
  1980:          4         10         10          8         10
  1985:         10          9         12          7         10
  1990:         11         10         10         11          7
  1995:         11         13         11         15         14
  2000:         10         10         37         44         55
  2005:         41         52         46         50         39
  2010:         38         46         41         39         47
  2015:         37         48         37         51         34
  2020:         29         45         30         33         35
  2025:         50         39         34         36         49
  2030:         33         33         31         39         25
  2035:         39         21         27         24         20
  2040:         28         18         24         17         30
  2045:         27         26         16
