ACQUISITION INFORMATION

Detector ID:  1
Detector description:
LAB4C1 MCB 1
Sample description:
Assorbimento
Real Time:  1550.779965
Live Time:  1546.259965
Acquisition start date:  31Oct2019
Acquisition start time:  09:54:42
Starting channel number:   0
Number of channels:   2048


CALIBRATION INFORMATION

ENERGY CALIBRATION
Units:
Energy Fit:  0.000000E+000  1.000000E+000  0.000000E+000
FWHM Fit:  1.000000E+000  0.000000E+000  0.000000E+000
Efficiency Terms:  0.000000  0.000000  0.000000  0.000000  0.000000
  0.000000  0.000000  0.000000  0.000000  0.000000


SPECTRUM
     0:          0          0         43        235        238
     5:        248        248        234        278        288
    10:        270        306        279        329        311
    15:        311        335        290        295        301
    20:        305        285        237        273        253
    25:        276        294        298        266        297
    30:        312        270        283        272        289
    35:        309        313        319        315        310
    40:        311        302        359        385        366
    45:        347        379        401        363        397
    50:        397        406        401        402        453
    55:        451        459        459        464        494
    60:        480        495        493        540        515
    65:        567        536        553        549        608
    70:        613        635        596        628        606
    75:        608        668        638        693        704
    80:        719        755        758        758        687
    85:        730        788        761        704        751
    90:        730        698        762        765        724
    95:        668        695        700        717        724
   100:        727        687        715        719        687
   105:        689        727        686        735        695
   110:        726        705        681        693        712
   115:        711        696        701        672        711
   120:        674        695        622        695        635
   125:        690        736        700        670        649
   130:        646        683        689        695        689
   135:        634        629        688        670        671
   140:        667        679        692        663        669
   145:        707        637        655        664        655
   150:        659        630        731        726        662
   155:        661        717        647        667        663
   160:        626        664        619        655        647
   165:        643        699        627        651        674
   170:        663        644        670        623        605
   175:        633        679        631        641        596
   180:        641        657        617        628        622
   185:        633        575        621        566        596
   190:        603        584        587        630        608
   195:        631        555        583        564        592
   200:        595        596        603        589        539
   205:        592        583        587        546        541
   210:        565        522        541        554        548
   215:        540        545        585        565        551
   220:        541        550        541        564        552
   225:        544        555        562        533        520
   230:        519        517        497        573        557
   235:        547        570        573        525        548
   240:        522        518        564        550        555
   245:        565        588        531        587        548
   250:        522        570        543        512        519
   255:        548        497        542        527        533
   260:        532        518        499        541        515
   265:        473        503        471        520        495
   270:        503        552        487        479        476
   275:        485        507        457        487        490
   280:        455        483        484        444        478
   285:        474        469        442        455        443
   290:        410        434        430        493        448
   295:        439        435        457        433        419
   300:        427        409        447        415        415
   305:        402        395        410        376        445
   310:        401        422        383        421        384
   315:        359        420        386        391        417
   320:        394        365        405        390        386
   325:        357        412        389        356        381
   330:        338        379        347        382        356
   335:        350        340        383        333        317
   340:        345        335        343        344        326
   345:        340        352        328        320        367
   350:        300        287        304        361        337
   355:        307        315        294        291        322
   360:        342        280        297        301        293
   365:        295        310        295        316        300
   370:        305        262        285        298        296
   375:        290        266        268        292        297
   380:        274        273        257        273        298
   385:        272        298        253        274        276
   390:        265        240        255        278        277
   395:        268        275        277        261        257
   400:        268        287        251        246        262
   405:        247        267        266        273        241
   410:        236        250        287        252        259
   415:        236        233        236        265        240
   420:        249        238        243        237        244
   425:        246        222        231        271        262
   430:        249        228        202        207        213
   435:        221        233        196        223        231
   440:        213        237        240        239        221
   445:        222        239        206        226        189
   450:        212        234        243        237        215
   455:        213        218        200        219        236
   460:        220        217        210        202        220
   465:        221        215        202        216        217
   470:        221        208        239        207        223
   475:        244        212        218        208        218
   480:        186        205        227        200        230
   485:        216        185        194        207        208
   490:        200        212        184        191        203
   495:        188        207        186        197        203
   500:        210        177        174        187        213
   505:        228        207        198        172        197
   510:        205        171        183        178        176
   515:        165        194        198        199        177
   520:        163        151        173        179        161
   525:        161        173        176        160        146
   530:        156        173        186        198        169
   535:        163        172        206        154        169
   540:        181        155        191        167        164
   545:        162        155        182        193        156
   550:        191        151        170        150        177
   555:        178        152        158        167        167
   560:        155        175        175        172        152
   565:        159        168        173        139        159
   570:        169        152        162        164        157
   575:        167        154        159        153        150
   580:        154        146        129        147        191
   585:        177        160        172        152        155
   590:        172        146        182        144        147
   595:        156        179        171        137        148
   600:        165        169        163        140        167
   605:        157        156        166        133        141
   610:        160        146        156        154        157
   615:        172        125        148        155        130
   620:        138        158        140        156        138
   625:        156        153        137        142        148
   630:        136        117        147        153        142
   635:        153        136        151        136        154
   640:        120        133        122        131        122
   645:        128        138        127        122        116
   650:        120        117         97        119        116
   655:        116        119        102        122        124
   660:        105        107        117        111         94
   665:        115         78        116        127        114
   670:        111         98        102         95        116
   675:        121        123        123        112        103
   680:         80        108        115        108        114
   685:         98         96         86         84         93
   690:         98        106         92        111         99
   695:         93        113        120        117        105
   700:         88        108         93         99        119
   705:         82         81        107        109         96
   710:         90        101        105         86         90
   715:         90        112        107         84        102
   720:         91         97        106         80         97
   725:         85         82        103         83         91
   730:         90         99         99        100        100
   735:         78         85        107        111        100
   740:         98         96         93         95        101
   745:         92        114         86        109         81
   750:         99         71         80         86         82
   755:         87         81        101         99         71
   760:         94         96         91         97         84
   765:         80         89         84         92         84
   770:         90         89         82         80         91
   775:         92         86         82         82         81
   780:         80         71         80         76         69
   785:         88         79         93         94         88
   790:         97         90         94         83         81
   795:        102         68         91         84         82
   800:         84         89         85         77         67
   805:         76         87         86         77         73
   810:         73         71         89         97         82
   815:         87         83         77         69         84
   820:         88         84         85         81         92
   825:         82         72         92         83         99
   830:         98         80        111        107         84
   835:         80         75         90         82        101
   840:         79         74         83         92        100
   845:         86         88         93         87         92
   850:         89         86         88         97        104
   855:         94        102         91         98        101
   860:        111         96        114        108         97
   865:         99         93        105        102        108
   870:         99        129        122        128        108
   875:        132        124        120        129        130
   880:        135        157        151        152        141
   885:        172        159        154        199        174
   890:        194        167        182        184        195
   895:        214        225        234        244        230
   900:        234        255        259        260        294
   905:        260        297        313        316        347
   910:        311        375        350        369        395
   915:        393        408        434        396        427
   920:        453        422        452        458        492
   925:        442        497        514        506        528
   930:        521        544        498        552        532
   935:        520        544        499        518        503
   940:        510        561        515        527        505
   945:        524        522        530        493        517
   950:        517        488        479        493        430
   955:        474        465        446        434        441
   960:        397        447        408        393        407
   965:        337        357        343        367        319
   970:        285        313        282        292        287
   975:        293        293        245        264        197
   980:        197        205        205        167        146
   985:        162        130        118        147        142
   990:        142        120        108        103         99
   995:         76         98         80         42         66
  1000:         60         56         65         46         63
  1005:         54         43         44         54         40
  1010:         39         46         36         41         32
  1015:         30         30         22         28         29
  1020:         22         23         18         28         15
  1025:         29         32         21         22         15
  1030:         17         17         20         17         23
  1035:         17         16         21         17         15
  1040:         17         16         14         18         14
  1045:         22         22         12         18         21
  1050:         17         19         12         16         22
  1055:          9         13         17         23         16
  1060:         21         16         18         22         19
  1065:         15         20          9         16         18
  1070:         14         18         19         16         18
  1075:         18         18          9         16         19
  1080:         22         15         16         17         11
  1085:         14         17         16         13          9
  1090:         18          9         13         13         19
  1095:         27         13         15         16         16
  1100:         13         12          6         26         18
  1105:         10         14         13         16         27
  1110:         14         14         18         17         16
  1115:          8         16         14         17          8
  1120:         22         15         19         11         12
  1125:         21         15         18         15         21
  1130:         19         17         16         13         13
  1135:         16         15         16         15         11
  1140:          9         13         10         16         20
  1145:         20         10         12         20         16
  1150:         12          8          8         17         19
  1155:         20         11         11         11         20
  1160:         12         12         15         10         14
  1165:         15          8         13         11          9
  1170:         13         13         11         18         14
  1175:         14         10         10         12         13
  1180:         10         19          8         16         14
  1185:          6         18         15         15         13
  1190:         10         17         14         15         12
  1195:          6         15          8         18          8
  1200:         14         15         17         10         19
  1205:         13         14         15          8         14
  1210:         10         21         18          8          8
  1215:         18         11          7          9         20
  1220:         13         11         12         10         15
  1225:          9         12         14         19          6
  1230:         10         13         18         10         11
  1235:         11         15         14         13         15
  1240:         14          8          8         22         10
  1245:         14         11         14         17          9
  1250:         13         14         13         14         17
  1255:         12         13         13         11         17
  1260:          8         13         17          9         12
  1265:         18         20         16         11         14
  1270:          9         14         10         11         13
  1275:         10         22         20         14         16
  1280:         15         22         17          8          8
  1285:         13         11         16         20         11
  1290:         14         11         13         11          8
  1295:         13         16         15         20         10
  1300:         10         18         12         14          8
  1305:         13         12          9         17         13
  1310:         12         12         13          8         19
  1315:          9         13         11         16         10
  1320:         14         12         18         12         11
  1325:          9         20         18         19         12
  1330:          8         13         13         13         12
  1335:          9         14         15         20         12
  1340:         14         14         18         15         17
  1345:         13         12         13         14          9
  1350:         11         11         17         12         10
  1355:         19          9         10         14         10
  1360:         15         17         18         21         11
  1365:         19         10         19         21         14
  1370:         25         14         17         10         10
  1375:         14          8          8          8         10
  1380:          8         11         15         10         22
  1385:         17          9         10         16         11
  1390:          7         14          9         11         16
  1395:         13         16         12         12         12
  1400:         17         14         14          6         14
  1405:         11         15          8         12         10
  1410:         13         11         13         15         12
  1415:         15         10         12          8          7
  1420:          5         13         10         11         13
  1425:         14          8         12         11         13
  1430:         12          8          7         17         16
  1435:         12         10         10          9          8
  1440:          8          4          5          5         13
  1445:         10          6          9          8         10
  1450:         11          9         13         12         11
  1455:         11          9          8         13          7
  1460:         12         13         10         11          7
  1465:         21         10          4         15         10
  1470:          2         12          8         10          8
  1475:         15         11         10          8          6
  1480:          5          8         13         10         13
  1485:         11         10         13         13          6
  1490:          8          7         12          9         12
  1495:          6          7          8         12         10
  1500:          8         10          9          6          8
  1505:         10          0          6         13         12
  1510:         13          6         10          4          8
  1515:          4          7         15         10          7
  1520:          7          9          8         13          6
  1525:          6         16          9          8         10
  1530:          4          9         18          8         11
  1535:         13         15          6         16          5
  1540:         10          6         14         10         11
  1545:         14          7         13          9          4
  1550:          6         11         16          7         18
  1555:          7          7         15         11         11
  1560:         10         14          9         10         10
  1565:         11         14         14          9         10
  1570:         11         12          8          7          5
  1575:         10          5         13         12          8
  1580:         16         12          7          8          9
  1585:         13         14         17         13         13
  1590:         10         17         12         10          7
  1595:         14         10         13          9         10
  1600:          9         14          9         10          8
  1605:          8          8         16         14         14
  1610:         11          7          9         10         11
  1615:          8         14          8          4         14
  1620:          6         12         13          9         13
  1625:          9         10         10          8          8
  1630:          8          7         15          8         15
  1635:          7          9         11          8          5
  1640:          7         10         11          4          7
  1645:         11         13          9         12          5
  1650:         10         16          5          9          8
  1655:         13          4         10         14         11
  1660:         11          6          6          6          8
  1665:          7         10         11         12          6
  1670:          9          5          6          8         10
  1675:          8         11         14         10         12
  1680:          2         11          5          8         11
  1685:          6          5          9          5          8
  1690:         15          8          6          8          9
  1695:          8          8          7         10          3
  1700:          8          4          6          6          8
  1705:          6          8          8          8          9
  1710:          8         11          4          5          9
  1715:          5          6          9          6          5
  1720:          5          8          8         10          7
  1725:         13          7         11          6          4
  1730:          5          4          6          9          8
  1735:          8          7          7          8          8
  1740:          9          4         10          5          8
  1745:          5          5          4          7          8
  1750:          4          9          7          6          4
  1755:          3         11          8          7         10
  1760:          5          5         11         10          6
  1765:          8          4          6          4          3
  1770:          7          6          9         10          8
  1775:          7          2          7          7          6
  1780:          3          6          3          8          8
  1785:          3          8          8          8          6
  1790:          5          3          7          7          5
  1795:          6          4          6          7          5
  1800:         10          6          4          6          5
  1805:          6          6          4          8          9
  1810:          6          6          3          6          7
  1815:          7          4          6          3          3
  1820:          5          7          7          2          5
  1825:          7         10          4          5          2
  1830:          4          3          4          2          4
  1835:          3          4          6          3          1
  1840:          4          7          6          1          5
  1845:          5          3          2          4          3
  1850:          7          2          5          6          6
  1855:          7          2          5          2          3
  1860:          4          5          5          6          3
  1865:          5          7          6          4          4
  1870:          5          8          4          4          6
  1875:          2          5          2          8          8
  1880:          9          3          5          4          2
  1885:          7          6          2          4          7
  1890:          1          5          3          2          5
  1895:          5          4          0          4          4
  1900:          8          6          5          5          3
  1905:          2          4          3          3          6
  1910:          5          3          3         10          5
  1915:          3          6          4          5          4
  1920:          7          3          2          3          6
  1925:          2          1          6          2          3
  1930:          2          4          8          4          2
  1935:          7         13          6          2          6
  1940:          1          9          4          6          9
  1945:          4         11          9          4          7
  1950:          6          9          2          5          9
  1955:          5          4          5          4          2
  1960:          9          3         11          7          5
  1965:          4         11          6          7          4
  1970:          4          6          7          7          3
  1975:          1          5         10          5          7
  1980:          6          8          7          7         10
  1985:          6          7          9          8          5
  1990:          5         11          9          6          9
  1995:         11          7          9          3          7
  2000:          9         21         52         51         45
  2005:         41         49         42         52         47
  2010:         33         43         44         49         38
  2015:         49         34         36         32         35
  2020:         41         46         35         36         46
  2025:         45         33         36         32         35
  2030:         30         39         31         33         32
  2035:         36         38         33         36         33
  2040:         30         21         31         29         24
  2045:         19         25         23
